COSMOS 2433 (720)       
1 32275U 07052A   23158.34259334 -.00000045  00000+0  00000+0 0  9993
2 32275  66.0423 352.8886 0000643 180.4587 179.5727  2.13103996121497
COSMOS 2432 (719)       
1 32276U 07052B   23158.42174979 -.00000045  00000+0  00000+0 0  9994
2 32276  66.0565 352.9930 0009095 341.5718  26.5204  2.13103244121523
COSMOS 2434 (721)       
1 32393U 07065A   23159.41393293  .00000025  00000+0  00000+0 0  9997
2 32393  64.3394 229.2969 0001216 103.4693 249.3127  2.13103062120229
COSMOS 2436 (723)       
1 32395U 07065C   23159.33406517  .00000026  00000+0  00000+0 0  9995
2 32395  64.3481 229.3602 0015266 355.8446  71.2589  2.13102913120185
COSMOS 2456 (730)       
1 36111U 09070A   23159.45881891  .00000040  00000+0  00000+0 0  9994
2 36111  64.4614 108.8254 0005505 308.9792 238.7010  2.13099097104882
COSMOS 2457 (733)       
1 36112U 09070B   23159.26907437  .00000040  00000+0  00000+0 0  9999
2 36112  64.4451 108.6992 0003407 185.7374 346.4777  2.13101251104888
COSMOS 2460 (732)       
1 36402U 10007C   23159.29462344 -.00000046  00000+0  00000+0 0  9996
2 36402  65.9067 351.5872 0002631  75.0088 104.2007  2.13106212103186
COSMOS 2476 (744)       
1 37867U 11064A   23159.54886538  .00000044  00000+0  00000+0 0  9996
2 37867  64.7432 110.3159 0023065 240.4880 284.8518  2.13101636 90223
COSMOS 2477 (745)       
1 37868U 11064B   23159.32128512  .00000043  00000+0  00000+0 0  9993
2 37868  64.7506 110.3922 0020356 241.9470 286.7159  2.13101525 90213
COSMOS 2475 (743)       
1 37869U 11064C   23159.39582154  .00000043  00000+0  00000+0 0  9997
2 37869  64.7578 110.4012 0025228 257.0084 287.1928  2.13101885 90225
COSMOS 2485 (747)       
1 39155U 13019A   23159.27519828  .00000044  00000+0  00000+0 0  9995
2 39155  64.9042 110.8301 0023370 236.5149 123.2396  2.13101794 78738
COSMOS 2492 (754)       
1 39620U 14012A   23159.23079628 -.00000046  00000+0  00000+0 0  9994
2 39620  65.7910 351.2204 0011796 333.0876  26.8788  2.13103071 71691
COSMOS 2500 (755)       
1 40001U 14032A   23158.94601399 -.00000046  00000+0  00000+0 0  9994
2 40001  65.7295 351.0643 0005377 180.8351 179.1918  2.13105928 69902
COSMOS 2501 (702K)      
1 40315U 14075A   23159.19506744  .00000028  00000+0  00000+0 0  9994
2 40315  63.6434 228.7358 0019645 209.6271 150.3385  2.13101441 66305
COSMOS 2514 (751)       
1 41330U 16008A   23159.17591870 -.00000046  00000+0  00000+0 0  9993
2 41330  65.5273 350.6598 0008691 199.6549 160.3384  2.13102570 57079
COSMOS 2516 (753)       
1 41554U 16032A   23159.29311526  .00000027  00000+0  00000+0 0  9997
2 41554  63.8696 229.1085 0015214 213.8656 146.1135  2.13106425 54688
COSMOS 2522 (752)       
1 42939U 17055A   23159.01825760  .00000030  00000+0  00000+0 0  9995
2 42939  64.1039 229.6172 0009078 239.8146 120.1728  2.13101862 44427
COSMOS 2527 (756)       
1 43508U 18053A   23159.44581195  .00000045  00000+0  00000+0 0  9991
2 43508  65.0660 110.8986 0009010 241.8091 118.0782  2.13102328 38733
COSMOS 2529 (757)       
1 43687U 18086A   23159.54549267  .00000023  00000+0  00000+0 0  9996
2 43687  64.3190 230.0112 0010579 260.9571  98.9980  2.13102054 35744
COSMOS 2534 (758)       
1 44299U 19030A   23159.44095485  .00000024  00000+0  00000+0 0  9994
2 44299  64.3914 229.9329 0012712 281.4786 132.5953  2.13102014 31389
COSMOS 2544 (759)       
1 44850U 19088A   23159.38945017  .00000044  00000+0  00000+0 0  9990
2 44850  65.0518 110.7451 0014203 262.3363  97.4807  2.13102081 27172
COSMOS 2545 (760)       
1 45358U 20018A   23159.58634801 -.00000049  00000+0  00000+0 0  9993
2 45358  64.8673 350.9627 0006669 242.4523 117.5066  2.13102526 25120
COSMOS 2547 (705K)      
1 46805U 20075A   23158.83750453  .00000032  00000+0  00000+0 0  9994
2 46805  64.6183 229.4831 0008010 241.7493 118.2480  2.13103096 20350
COSMOS 2557 (706K)      
1 52984U 22075A   23158.99921917 -.00000049  00000+0  00000+0 0  9992
2 52984  64.7806 353.1517 0010490 285.7712  74.1431  2.13101946  7163
COSMOS 2559 (707K)      
1 54031U 22130A   23158.47161467 -.00000049  00000+0  00000+0 0  9998
2 54031  64.7517 353.3008 0004840 212.7247 147.2766  2.13101145  5127
COSMOS 2564 (761)       
1 54377U 22161A   23158.66551018  .00000035  00000+0  00000+0 0  9995
2 54377  64.7589 229.5260 0010303 222.4505 137.5487  2.13102089  4072
