-50,0,10,20,30,40,50,60,70,80,90,100,110,120,130,140,150,160,170,180,190,200,210,220,230,240,250,260,270,280,290,300,310,320,330,340,350
0,6.75899446887662,6.75899446887662,6.75899446887662,6.75899446887662,6.75899446887662,6.75899446887662,6.75899446887662,6.75899446887662,6.75899446887662,6.75899446887662,6.75899446887662,6.75899446887662,6.75899446887662,6.75899446887662,6.75899446887662,6.75899446887662,6.75899446887662,6.75899446887662,6.75899446887662,6.75899446887662,6.75899446887662,6.75899446887662,6.75899446887662,6.75899446887662,6.75899446887662,6.75899446887662,6.75899446887662,6.75899446887662,6.75899446887662,6.75899446887662,6.75899446887662,6.75899446887662,6.75899446887662,6.75899446887662,6.75899446887662,6.75899446887662
2,6.60056099048015,6.60056099048015,6.60056099048015,6.60056099048015,6.60056099048015,6.60056099048015,6.60056099048015,6.60056099048015,6.60056099048015,6.60056099048015,6.60056099048015,6.60056099048015,6.60056099048015,6.60056099048015,6.60056099048015,6.60056099048015,6.60056099048015,6.60056099048015,6.60056099048015,6.60056099048015,6.60056099048015,6.60056099048015,6.60056099048015,6.60056099048015,6.60056099048015,6.60056099048015,6.60056099048015,6.60056099048015,6.60056099048015,6.60056099048015,6.60056099048015,6.60056099048015,6.60056099048015,6.60056099048015,6.60056099048015,6.60056099048015
4,6.41780260015096,6.41780260015096,6.41780260015096,6.41780260015096,6.41780260015096,6.41780260015096,6.41780260015096,6.41780260015096,6.41780260015096,6.41780260015096,6.41780260015096,6.41780260015096,6.41780260015096,6.41780260015096,6.41780260015096,6.41780260015096,6.41780260015096,6.41780260015096,6.41780260015096,6.41780260015096,6.41780260015096,6.41780260015096,6.41780260015096,6.41780260015096,6.41780260015096,6.41780260015096,6.41780260015096,6.41780260015096,6.41780260015096,6.41780260015096,6.41780260015096,6.41780260015096,6.41780260015096,6.41780260015096,6.41780260015096,6.41780260015096
6,6.25059849050744,6.25059849050744,6.25059849050744,6.25059849050744,6.25059849050744,6.25059849050744,6.25059849050744,6.25059849050744,6.25059849050744,6.25059849050744,6.25059849050744,6.25059849050744,6.25059849050744,6.25059849050744,6.25059849050744,6.25059849050744,6.25059849050744,6.25059849050744,6.25059849050744,6.25059849050744,6.25059849050744,6.25059849050744,6.25059849050744,6.25059849050744,6.25059849050744,6.25059849050744,6.25059849050744,6.25059849050744,6.25059849050744,6.25059849050744,6.25059849050744,6.25059849050744,6.25059849050744,6.25059849050744,6.25059849050744,6.25059849050744
8,6.13366116158041,6.13366116158041,6.13366116158041,6.13366116158041,6.13366116158041,6.13366116158041,6.13366116158041,6.13366116158041,6.13366116158041,6.13366116158041,6.13366116158041,6.13366116158041,6.13366116158041,6.13366116158041,6.13366116158041,6.13366116158041,6.13366116158041,6.13366116158041,6.13366116158041,6.13366116158041,6.13366116158041,6.13366116158041,6.13366116158041,6.13366116158041,6.13366116158041,6.13366116158041,6.13366116158041,6.13366116158041,6.13366116158041,6.13366116158041,6.13366116158041,6.13366116158041,6.13366116158041,6.13366116158041,6.13366116158041,6.13366116158041
10,6.08405867196649,6.08405867196649,6.08405867196649,6.08405867196649,6.08405867196649,6.08405867196649,6.08405867196649,6.08405867196649,6.08405867196649,6.08405867196649,6.08405867196649,6.08405867196649,6.08405867196649,6.08405867196649,6.08405867196649,6.08405867196649,6.08405867196649,6.08405867196649,6.08405867196649,6.08405867196649,6.08405867196649,6.08405867196649,6.08405867196649,6.08405867196649,6.08405867196649,6.08405867196649,6.08405867196649,6.08405867196649,6.08405867196649,6.08405867196649,6.08405867196649,6.08405867196649,6.08405867196649,6.08405867196649,6.08405867196649,6.08405867196649
12,6.09509814900266,6.09509814900266,6.09509814900266,6.09509814900266,6.09509814900266,6.09509814900266,6.09509814900266,6.09509814900266,6.09509814900266,6.09509814900266,6.09509814900266,6.09509814900266,6.09509814900266,6.09509814900266,6.09509814900266,6.09509814900266,6.09509814900266,6.09509814900266,6.09509814900266,6.09509814900266,6.09509814900266,6.09509814900266,6.09509814900266,6.09509814900266,6.09509814900266,6.09509814900266,6.09509814900266,6.09509814900266,6.09509814900266,6.09509814900266,6.09509814900266,6.09509814900266,6.09509814900266,6.09509814900266,6.09509814900266,6.09509814900266
14,6.14056214662839,6.14056214662839,6.14056214662839,6.14056214662839,6.14056214662839,6.14056214662839,6.14056214662839,6.14056214662839,6.14056214662839,6.14056214662839,6.14056214662839,6.14056214662839,6.14056214662839,6.14056214662839,6.14056214662839,6.14056214662839,6.14056214662839,6.14056214662839,6.14056214662839,6.14056214662839,6.14056214662839,6.14056214662839,6.14056214662839,6.14056214662839,6.14056214662839,6.14056214662839,6.14056214662839,6.14056214662839,6.14056214662839,6.14056214662839,6.14056214662839,6.14056214662839,6.14056214662839,6.14056214662839,6.14056214662839,6.14056214662839
16,6.1860567943261,6.1860567943261,6.1860567943261,6.1860567943261,6.1860567943261,6.1860567943261,6.1860567943261,6.1860567943261,6.1860567943261,6.1860567943261,6.1860567943261,6.1860567943261,6.1860567943261,6.1860567943261,6.1860567943261,6.1860567943261,6.1860567943261,6.1860567943261,6.1860567943261,6.1860567943261,6.1860567943261,6.1860567943261,6.1860567943261,6.1860567943261,6.1860567943261,6.1860567943261,6.1860567943261,6.1860567943261,6.1860567943261,6.1860567943261,6.1860567943261,6.1860567943261,6.1860567943261,6.1860567943261,6.1860567943261,6.1860567943261
18,6.20051931158879,6.20051931158879,6.20051931158879,6.20051931158879,6.20051931158879,6.20051931158879,6.20051931158879,6.20051931158879,6.20051931158879,6.20051931158879,6.20051931158879,6.20051931158879,6.20051931158879,6.20051931158879,6.20051931158879,6.20051931158879,6.20051931158879,6.20051931158879,6.20051931158879,6.20051931158879,6.20051931158879,6.20051931158879,6.20051931158879,6.20051931158879,6.20051931158879,6.20051931158879,6.20051931158879,6.20051931158879,6.20051931158879,6.20051931158879,6.20051931158879,6.20051931158879,6.20051931158879,6.20051931158879,6.20051931158879,6.20051931158879
20,6.16348898036115,6.16348898036115,6.16348898036115,6.16348898036115,6.16348898036115,6.16348898036115,6.16348898036115,6.16348898036115,6.16348898036115,6.16348898036115,6.16348898036115,6.16348898036115,6.16348898036115,6.16348898036115,6.16348898036115,6.16348898036115,6.16348898036115,6.16348898036115,6.16348898036115,6.16348898036115,6.16348898036115,6.16348898036115,6.16348898036115,6.16348898036115,6.16348898036115,6.16348898036115,6.16348898036115,6.16348898036115,6.16348898036115,6.16348898036115,6.16348898036115,6.16348898036115,6.16348898036115,6.16348898036115,6.16348898036115,6.16348898036115
22,6.06783055084374,6.06783055084374,6.06783055084374,6.06783055084374,6.06783055084374,6.06783055084374,6.06783055084374,6.06783055084374,6.06783055084374,6.06783055084374,6.06783055084374,6.06783055084374,6.06783055084374,6.06783055084374,6.06783055084374,6.06783055084374,6.06783055084374,6.06783055084374,6.06783055084374,6.06783055084374,6.06783055084374,6.06783055084374,6.06783055084374,6.06783055084374,6.06783055084374,6.06783055084374,6.06783055084374,6.06783055084374,6.06783055084374,6.06783055084374,6.06783055084374,6.06783055084374,6.06783055084374,6.06783055084374,6.06783055084374,6.06783055084374
24,5.91930955567614,5.91930955567614,5.91930955567614,5.91930955567614,5.91930955567614,5.91930955567614,5.91930955567614,5.91930955567614,5.91930955567614,5.91930955567614,5.91930955567614,5.91930955567614,5.91930955567614,5.91930955567614,5.91930955567614,5.91930955567614,5.91930955567614,5.91930955567614,5.91930955567614,5.91930955567614,5.91930955567614,5.91930955567614,5.91930955567614,5.91930955567614,5.91930955567614,5.91930955567614,5.91930955567614,5.91930955567614,5.91930955567614,5.91930955567614,5.91930955567614,5.91930955567614,5.91930955567614,5.91930955567614,5.91930955567614,5.91930955567614
26,5.73400331832767,5.73400331832767,5.73400331832767,5.73400331832767,5.73400331832767,5.73400331832767,5.73400331832767,5.73400331832767,5.73400331832767,5.73400331832767,5.73400331832767,5.73400331832767,5.73400331832767,5.73400331832767,5.73400331832767,5.73400331832767,5.73400331832767,5.73400331832767,5.73400331832767,5.73400331832767,5.73400331832767,5.73400331832767,5.73400331832767,5.73400331832767,5.73400331832767,5.73400331832767,5.73400331832767,5.73400331832767,5.73400331832767,5.73400331832767,5.73400331832767,5.73400331832767,5.73400331832767,5.73400331832767,5.73400331832767,5.73400331832767
28,5.53373718146022,5.53373718146022,5.53373718146022,5.53373718146022,5.53373718146022,5.53373718146022,5.53373718146022,5.53373718146022,5.53373718146022,5.53373718146022,5.53373718146022,5.53373718146022,5.53373718146022,5.53373718146022,5.53373718146022,5.53373718146022,5.53373718146022,5.53373718146022,5.53373718146022,5.53373718146022,5.53373718146022,5.53373718146022,5.53373718146022,5.53373718146022,5.53373718146022,5.53373718146022,5.53373718146022,5.53373718146022,5.53373718146022,5.53373718146022,5.53373718146022,5.53373718146022,5.53373718146022,5.53373718146022,5.53373718146022,5.53373718146022
30,5.33977944955256,5.33977944955256,5.33977944955256,5.33977944955256,5.33977944955256,5.33977944955256,5.33977944955256,5.33977944955256,5.33977944955256,5.33977944955256,5.33977944955256,5.33977944955256,5.33977944955256,5.33977944955256,5.33977944955256,5.33977944955256,5.33977944955256,5.33977944955256,5.33977944955256,5.33977944955256,5.33977944955256,5.33977944955256,5.33977944955256,5.33977944955256,5.33977944955256,5.33977944955256,5.33977944955256,5.33977944955256,5.33977944955256,5.33977944955256,5.33977944955256,5.33977944955256,5.33977944955256,5.33977944955256,5.33977944955256,5.33977944955256
32,5.16613635270214,5.16613635270214,5.16613635270214,5.16613635270214,5.16613635270214,5.16613635270214,5.16613635270214,5.16613635270214,5.16613635270214,5.16613635270214,5.16613635270214,5.16613635270214,5.16613635270214,5.16613635270214,5.16613635270214,5.16613635270214,5.16613635270214,5.16613635270214,5.16613635270214,5.16613635270214,5.16613635270214,5.16613635270214,5.16613635270214,5.16613635270214,5.16613635270214,5.16613635270214,5.16613635270214,5.16613635270214,5.16613635270214,5.16613635270214,5.16613635270214,5.16613635270214,5.16613635270214,5.16613635270214,5.16613635270214,5.16613635270214
34,5.01497067588499,5.01497067588499,5.01497067588499,5.01497067588499,5.01497067588499,5.01497067588499,5.01497067588499,5.01497067588499,5.01497067588499,5.01497067588499,5.01497067588499,5.01497067588499,5.01497067588499,5.01497067588499,5.01497067588499,5.01497067588499,5.01497067588499,5.01497067588499,5.01497067588499,5.01497067588499,5.01497067588499,5.01497067588499,5.01497067588499,5.01497067588499,5.01497067588499,5.01497067588499,5.01497067588499,5.01497067588499,5.01497067588499,5.01497067588499,5.01497067588499,5.01497067588499,5.01497067588499,5.01497067588499,5.01497067588499,5.01497067588499
36,4.87629285436145,4.87629285436145,4.87629285436145,4.87629285436145,4.87629285436145,4.87629285436145,4.87629285436145,4.87629285436145,4.87629285436145,4.87629285436145,4.87629285436145,4.87629285436145,4.87629285436145,4.87629285436145,4.87629285436145,4.87629285436145,4.87629285436145,4.87629285436145,4.87629285436145,4.87629285436145,4.87629285436145,4.87629285436145,4.87629285436145,4.87629285436145,4.87629285436145,4.87629285436145,4.87629285436145,4.87629285436145,4.87629285436145,4.87629285436145,4.87629285436145,4.87629285436145,4.87629285436145,4.87629285436145,4.87629285436145,4.87629285436145
38,4.73182890322937,4.73182890322937,4.73182890322937,4.73182890322937,4.73182890322937,4.73182890322937,4.73182890322937,4.73182890322937,4.73182890322937,4.73182890322937,4.73182890322937,4.73182890322937,4.73182890322937,4.73182890322937,4.73182890322937,4.73182890322937,4.73182890322937,4.73182890322937,4.73182890322937,4.73182890322937,4.73182890322937,4.73182890322937,4.73182890322937,4.73182890322937,4.73182890322937,4.73182890322937,4.73182890322937,4.73182890322937,4.73182890322937,4.73182890322937,4.73182890322937,4.73182890322937,4.73182890322937,4.73182890322937,4.73182890322937,4.73182890322937
40,4.56075334380217,4.56075334380217,4.56075334380217,4.56075334380217,4.56075334380217,4.56075334380217,4.56075334380217,4.56075334380217,4.56075334380217,4.56075334380217,4.56075334380217,4.56075334380217,4.56075334380217,4.56075334380217,4.56075334380217,4.56075334380217,4.56075334380217,4.56075334380217,4.56075334380217,4.56075334380217,4.56075334380217,4.56075334380217,4.56075334380217,4.56075334380217,4.56075334380217,4.56075334380217,4.56075334380217,4.56075334380217,4.56075334380217,4.56075334380217,4.56075334380217,4.56075334380217,4.56075334380217,4.56075334380217,4.56075334380217,4.56075334380217
42,4.34467035113558,4.34467035113558,4.34467035113558,4.34467035113558,4.34467035113558,4.34467035113558,4.34467035113558,4.34467035113558,4.34467035113558,4.34467035113558,4.34467035113558,4.34467035113558,4.34467035113558,4.34467035113558,4.34467035113558,4.34467035113558,4.34467035113558,4.34467035113558,4.34467035113558,4.34467035113558,4.34467035113558,4.34467035113558,4.34467035113558,4.34467035113558,4.34467035113558,4.34467035113558,4.34467035113558,4.34467035113558,4.34467035113558,4.34467035113558,4.34467035113558,4.34467035113558,4.34467035113558,4.34467035113558,4.34467035113558,4.34467035113558
44,4.0705320713431,4.0705320713431,4.0705320713431,4.0705320713431,4.0705320713431,4.0705320713431,4.0705320713431,4.0705320713431,4.0705320713431,4.0705320713431,4.0705320713431,4.0705320713431,4.0705320713431,4.0705320713431,4.0705320713431,4.0705320713431,4.0705320713431,4.0705320713431,4.0705320713431,4.0705320713431,4.0705320713431,4.0705320713431,4.0705320713431,4.0705320713431,4.0705320713431,4.0705320713431,4.0705320713431,4.0705320713431,4.0705320713431,4.0705320713431,4.0705320713431,4.0705320713431,4.0705320713431,4.0705320713431,4.0705320713431,4.0705320713431
46,3.73157242154488,3.73157242154488,3.73157242154488,3.73157242154488,3.73157242154488,3.73157242154488,3.73157242154488,3.73157242154488,3.73157242154488,3.73157242154488,3.73157242154488,3.73157242154488,3.73157242154488,3.73157242154488,3.73157242154488,3.73157242154488,3.73157242154488,3.73157242154488,3.73157242154488,3.73157242154488,3.73157242154488,3.73157242154488,3.73157242154488,3.73157242154488,3.73157242154488,3.73157242154488,3.73157242154488,3.73157242154488,3.73157242154488,3.73157242154488,3.73157242154488,3.73157242154488,3.73157242154488,3.73157242154488,3.73157242154488,3.73157242154488
48,3.32695253840346,3.32695253840346,3.32695253840346,3.32695253840346,3.32695253840346,3.32695253840346,3.32695253840346,3.32695253840346,3.32695253840346,3.32695253840346,3.32695253840346,3.32695253840346,3.32695253840346,3.32695253840346,3.32695253840346,3.32695253840346,3.32695253840346,3.32695253840346,3.32695253840346,3.32695253840346,3.32695253840346,3.32695253840346,3.32695253840346,3.32695253840346,3.32695253840346,3.32695253840346,3.32695253840346,3.32695253840346,3.32695253840346,3.32695253840346,3.32695253840346,3.32695253840346,3.32695253840346,3.32695253840346,3.32695253840346,3.32695253840346
50,2.86078323296074,2.86078323296074,2.86078323296074,2.86078323296074,2.86078323296074,2.86078323296074,2.86078323296074,2.86078323296074,2.86078323296074,2.86078323296074,2.86078323296074,2.86078323296074,2.86078323296074,2.86078323296074,2.86078323296074,2.86078323296074,2.86078323296074,2.86078323296074,2.86078323296074,2.86078323296074,2.86078323296074,2.86078323296074,2.86078323296074,2.86078323296074,2.86078323296074,2.86078323296074,2.86078323296074,2.86078323296074,2.86078323296074,2.86078323296074,2.86078323296074,2.86078323296074,2.86078323296074,2.86078323296074,2.86078323296074,2.86078323296074
52,2.34092641551098,2.34092641551098,2.34092641551098,2.34092641551098,2.34092641551098,2.34092641551098,2.34092641551098,2.34092641551098,2.34092641551098,2.34092641551098,2.34092641551098,2.34092641551098,2.34092641551098,2.34092641551098,2.34092641551098,2.34092641551098,2.34092641551098,2.34092641551098,2.34092641551098,2.34092641551098,2.34092641551098,2.34092641551098,2.34092641551098,2.34092641551098,2.34092641551098,2.34092641551098,2.34092641551098,2.34092641551098,2.34092641551098,2.34092641551098,2.34092641551098,2.34092641551098,2.34092641551098,2.34092641551098,2.34092641551098,2.34092641551098
54,1.77774546463395,1.77774546463395,1.77774546463395,1.77774546463395,1.77774546463395,1.77774546463395,1.77774546463395,1.77774546463395,1.77774546463395,1.77774546463395,1.77774546463395,1.77774546463395,1.77774546463395,1.77774546463395,1.77774546463395,1.77774546463395,1.77774546463395,1.77774546463395,1.77774546463395,1.77774546463395,1.77774546463395,1.77774546463395,1.77774546463395,1.77774546463395,1.77774546463395,1.77774546463395,1.77774546463395,1.77774546463395,1.77774546463395,1.77774546463395,1.77774546463395,1.77774546463395,1.77774546463395,1.77774546463395,1.77774546463395,1.77774546463395
56,1.18285330658386,1.18285330658386,1.18285330658386,1.18285330658386,1.18285330658386,1.18285330658386,1.18285330658386,1.18285330658386,1.18285330658386,1.18285330658386,1.18285330658386,1.18285330658386,1.18285330658386,1.18285330658386,1.18285330658386,1.18285330658386,1.18285330658386,1.18285330658386,1.18285330658386,1.18285330658386,1.18285330658386,1.18285330658386,1.18285330658386,1.18285330658386,1.18285330658386,1.18285330658386,1.18285330658386,1.18285330658386,1.18285330658386,1.18285330658386,1.18285330658386,1.18285330658386,1.18285330658386,1.18285330658386,1.18285330658386,1.18285330658386
58,0.567885534350089,0.567885534350089,0.567885534350089,0.567885534350089,0.567885534350089,0.567885534350089,0.567885534350089,0.567885534350089,0.567885534350089,0.567885534350089,0.567885534350089,0.567885534350089,0.567885534350089,0.567885534350089,0.567885534350089,0.567885534350089,0.567885534350089,0.567885534350089,0.567885534350089,0.567885534350089,0.567885534350089,0.567885534350089,0.567885534350089,0.567885534350089,0.567885534350089,0.567885534350089,0.567885534350089,0.567885534350089,0.567885534350089,0.567885534350089,0.567885534350089,0.567885534350089,0.567885534350089,0.567885534350089,0.567885534350089,0.567885534350089
60,-0.0566353520425627,-0.0566353520425627,-0.0566353520425627,-0.0566353520425627,-0.0566353520425627,-0.0566353520425627,-0.0566353520425627,-0.0566353520425627,-0.0566353520425627,-0.0566353520425627,-0.0566353520425627,-0.0566353520425627,-0.0566353520425627,-0.0566353520425627,-0.0566353520425627,-0.0566353520425627,-0.0566353520425627,-0.0566353520425627,-0.0566353520425627,-0.0566353520425627,-0.0566353520425627,-0.0566353520425627,-0.0566353520425627,-0.0566353520425627,-0.0566353520425627,-0.0566353520425627,-0.0566353520425627,-0.0566353520425627,-0.0566353520425627,-0.0566353520425627,-0.0566353520425627,-0.0566353520425627,-0.0566353520425627,-0.0566353520425627,-0.0566353520425627,-0.0566353520425627
62,-0.682227541447905,-0.682227541447905,-0.682227541447905,-0.682227541447905,-0.682227541447905,-0.682227541447905,-0.682227541447905,-0.682227541447905,-0.682227541447905,-0.682227541447905,-0.682227541447905,-0.682227541447905,-0.682227541447905,-0.682227541447905,-0.682227541447905,-0.682227541447905,-0.682227541447905,-0.682227541447905,-0.682227541447905,-0.682227541447905,-0.682227541447905,-0.682227541447905,-0.682227541447905,-0.682227541447905,-0.682227541447905,-0.682227541447905,-0.682227541447905,-0.682227541447905,-0.682227541447905,-0.682227541447905,-0.682227541447905,-0.682227541447905,-0.682227541447905,-0.682227541447905,-0.682227541447905,-0.682227541447905
64,-1.3030354211809,-1.3030354211809,-1.3030354211809,-1.3030354211809,-1.3030354211809,-1.3030354211809,-1.3030354211809,-1.3030354211809,-1.3030354211809,-1.3030354211809,-1.3030354211809,-1.3030354211809,-1.3030354211809,-1.3030354211809,-1.3030354211809,-1.3030354211809,-1.3030354211809,-1.3030354211809,-1.3030354211809,-1.3030354211809,-1.3030354211809,-1.3030354211809,-1.3030354211809,-1.3030354211809,-1.3030354211809,-1.3030354211809,-1.3030354211809,-1.3030354211809,-1.3030354211809,-1.3030354211809,-1.3030354211809,-1.3030354211809,-1.3030354211809,-1.3030354211809,-1.3030354211809,-1.3030354211809
66,-1.91598313279731,-1.91598313279731,-1.91598313279731,-1.91598313279731,-1.91598313279731,-1.91598313279731,-1.91598313279731,-1.91598313279731,-1.91598313279731,-1.91598313279731,-1.91598313279731,-1.91598313279731,-1.91598313279731,-1.91598313279731,-1.91598313279731,-1.91598313279731,-1.91598313279731,-1.91598313279731,-1.91598313279731,-1.91598313279731,-1.91598313279731,-1.91598313279731,-1.91598313279731,-1.91598313279731,-1.91598313279731,-1.91598313279731,-1.91598313279731,-1.91598313279731,-1.91598313279731,-1.91598313279731,-1.91598313279731,-1.91598313279731,-1.91598313279731,-1.91598313279731,-1.91598313279731,-1.91598313279731
68,-2.52050132079334,-2.52050132079334,-2.52050132079334,-2.52050132079334,-2.52050132079334,-2.52050132079334,-2.52050132079334,-2.52050132079334,-2.52050132079334,-2.52050132079334,-2.52050132079334,-2.52050132079334,-2.52050132079334,-2.52050132079334,-2.52050132079334,-2.52050132079334,-2.52050132079334,-2.52050132079334,-2.52050132079334,-2.52050132079334,-2.52050132079334,-2.52050132079334,-2.52050132079334,-2.52050132079334,-2.52050132079334,-2.52050132079334,-2.52050132079334,-2.52050132079334,-2.52050132079334,-2.52050132079334,-2.52050132079334,-2.52050132079334,-2.52050132079334,-2.52050132079334,-2.52050132079334,-2.52050132079334
70,-3.11793461121497,-3.11793461121497,-3.11793461121497,-3.11793461121497,-3.11793461121497,-3.11793461121497,-3.11793461121497,-3.11793461121497,-3.11793461121497,-3.11793461121497,-3.11793461121497,-3.11793461121497,-3.11793461121497,-3.11793461121497,-3.11793461121497,-3.11793461121497,-3.11793461121497,-3.11793461121497,-3.11793461121497,-3.11793461121497,-3.11793461121497,-3.11793461121497,-3.11793461121497,-3.11793461121497,-3.11793461121497,-3.11793461121497,-3.11793461121497,-3.11793461121497,-3.11793461121497,-3.11793461121497,-3.11793461121497,-3.11793461121497,-3.11793461121497,-3.11793461121497,-3.11793461121497,-3.11793461121497
72,-3.71079859339368,-3.71079859339368,-3.71079859339368,-3.71079859339368,-3.71079859339368,-3.71079859339368,-3.71079859339368,-3.71079859339368,-3.71079859339368,-3.71079859339368,-3.71079859339368,-3.71079859339368,-3.71079859339368,-3.71079859339368,-3.71079859339368,-3.71079859339368,-3.71079859339368,-3.71079859339368,-3.71079859339368,-3.71079859339368,-3.71079859339368,-3.71079859339368,-3.71079859339368,-3.71079859339368,-3.71079859339368,-3.71079859339368,-3.71079859339368,-3.71079859339368,-3.71079859339368,-3.71079859339368,-3.71079859339368,-3.71079859339368,-3.71079859339368,-3.71079859339368,-3.71079859339368,-3.71079859339368
74,-4.30205357615247,-4.30205357615247,-4.30205357615247,-4.30205357615247,-4.30205357615247,-4.30205357615247,-4.30205357615247,-4.30205357615247,-4.30205357615247,-4.30205357615247,-4.30205357615247,-4.30205357615247,-4.30205357615247,-4.30205357615247,-4.30205357615247,-4.30205357615247,-4.30205357615247,-4.30205357615247,-4.30205357615247,-4.30205357615247,-4.30205357615247,-4.30205357615247,-4.30205357615247,-4.30205357615247,-4.30205357615247,-4.30205357615247,-4.30205357615247,-4.30205357615247,-4.30205357615247,-4.30205357615247,-4.30205357615247,-4.30205357615247,-4.30205357615247,-4.30205357615247,-4.30205357615247,-4.30205357615247
76,-4.89451212101468,-4.89451212101468,-4.89451212101468,-4.89451212101468,-4.89451212101468,-4.89451212101468,-4.89451212101468,-4.89451212101468,-4.89451212101468,-4.89451212101468,-4.89451212101468,-4.89451212101468,-4.89451212101468,-4.89451212101468,-4.89451212101468,-4.89451212101468,-4.89451212101468,-4.89451212101468,-4.89451212101468,-4.89451212101468,-4.89451212101468,-4.89451212101468,-4.89451212101468,-4.89451212101468,-4.89451212101468,-4.89451212101468,-4.89451212101468,-4.89451212101468,-4.89451212101468,-4.89451212101468,-4.89451212101468,-4.89451212101468,-4.89451212101468,-4.89451212101468,-4.89451212101468,-4.89451212101468
78,-5.49043083377753,-5.49043083377753,-5.49043083377753,-5.49043083377753,-5.49043083377753,-5.49043083377753,-5.49043083377753,-5.49043083377753,-5.49043083377753,-5.49043083377753,-5.49043083377753,-5.49043083377753,-5.49043083377753,-5.49043083377753,-5.49043083377753,-5.49043083377753,-5.49043083377753,-5.49043083377753,-5.49043083377753,-5.49043083377753,-5.49043083377753,-5.49043083377753,-5.49043083377753,-5.49043083377753,-5.49043083377753,-5.49043083377753,-5.49043083377753,-5.49043083377753,-5.49043083377753,-5.49043083377753,-5.49043083377753,-5.49043083377753,-5.49043083377753,-5.49043083377753,-5.49043083377753,-5.49043083377753
80,-6.09128225331292,-6.09128225331292,-6.09128225331292,-6.09128225331292,-6.09128225331292,-6.09128225331292,-6.09128225331292,-6.09128225331292,-6.09128225331292,-6.09128225331292,-6.09128225331292,-6.09128225331292,-6.09128225331292,-6.09128225331292,-6.09128225331292,-6.09128225331292,-6.09128225331292,-6.09128225331292,-6.09128225331292,-6.09128225331292,-6.09128225331292,-6.09128225331292,-6.09128225331292,-6.09128225331292,-6.09128225331292,-6.09128225331292,-6.09128225331292,-6.09128225331292,-6.09128225331292,-6.09128225331292,-6.09128225331292,-6.09128225331292,-6.09128225331292,-6.09128225331292,-6.09128225331292,-6.09128225331292
82,-6.69767233549888,-6.69767233549888,-6.69767233549888,-6.69767233549888,-6.69767233549888,-6.69767233549888,-6.69767233549888,-6.69767233549888,-6.69767233549888,-6.69767233549888,-6.69767233549888,-6.69767233549888,-6.69767233549888,-6.69767233549888,-6.69767233549888,-6.69767233549888,-6.69767233549888,-6.69767233549888,-6.69767233549888,-6.69767233549888,-6.69767233549888,-6.69767233549888,-6.69767233549888,-6.69767233549888,-6.69767233549888,-6.69767233549888,-6.69767233549888,-6.69767233549888,-6.69767233549888,-6.69767233549888,-6.69767233549888,-6.69767233549888,-6.69767233549888,-6.69767233549888,-6.69767233549888,-6.69767233549888
84,-7.30936176672693,-7.30936176672693,-7.30936176672693,-7.30936176672693,-7.30936176672693,-7.30936176672693,-7.30936176672693,-7.30936176672693,-7.30936176672693,-7.30936176672693,-7.30936176672693,-7.30936176672693,-7.30936176672693,-7.30936176672693,-7.30936176672693,-7.30936176672693,-7.30936176672693,-7.30936176672693,-7.30936176672693,-7.30936176672693,-7.30936176672693,-7.30936176672693,-7.30936176672693,-7.30936176672693,-7.30936176672693,-7.30936176672693,-7.30936176672693,-7.30936176672693,-7.30936176672693,-7.30936176672693,-7.30936176672693,-7.30936176672693,-7.30936176672693,-7.30936176672693,-7.30936176672693,-7.30936176672693
86,-7.92535781241736,-7.92535781241736,-7.92535781241736,-7.92535781241736,-7.92535781241736,-7.92535781241736,-7.92535781241736,-7.92535781241736,-7.92535781241736,-7.92535781241736,-7.92535781241736,-7.92535781241736,-7.92535781241736,-7.92535781241736,-7.92535781241736,-7.92535781241736,-7.92535781241736,-7.92535781241736,-7.92535781241736,-7.92535781241736,-7.92535781241736,-7.92535781241736,-7.92535781241736,-7.92535781241736,-7.92535781241736,-7.92535781241736,-7.92535781241736,-7.92535781241736,-7.92535781241736,-7.92535781241736,-7.92535781241736,-7.92535781241736,-7.92535781241736,-7.92535781241736,-7.92535781241736,-7.92535781241736
88,-8.54406013853747,-8.54406013853747,-8.54406013853747,-8.54406013853747,-8.54406013853747,-8.54406013853747,-8.54406013853747,-8.54406013853747,-8.54406013853747,-8.54406013853747,-8.54406013853747,-8.54406013853747,-8.54406013853747,-8.54406013853747,-8.54406013853747,-8.54406013853747,-8.54406013853747,-8.54406013853747,-8.54406013853747,-8.54406013853747,-8.54406013853747,-8.54406013853747,-8.54406013853747,-8.54406013853747,-8.54406013853747,-8.54406013853747,-8.54406013853747,-8.54406013853747,-8.54406013853747,-8.54406013853747,-8.54406013853747,-8.54406013853747,-8.54406013853747,-8.54406013853747,-8.54406013853747,-8.54406013853747
90,-9.16346368767477,-9.16346368767477,-9.16346368767477,-9.16346368767477,-9.16346368767477,-9.16346368767477,-9.16346368767477,-9.16346368767477,-9.16346368767477,-9.16346368767477,-9.16346368767477,-9.16346368767477,-9.16346368767477,-9.16346368767477,-9.16346368767477,-9.16346368767477,-9.16346368767477,-9.16346368767477,-9.16346368767477,-9.16346368767477,-9.16346368767477,-9.16346368767477,-9.16346368767477,-9.16346368767477,-9.16346368767477,-9.16346368767477,-9.16346368767477,-9.16346368767477,-9.16346368767477,-9.16346368767477,-9.16346368767477,-9.16346368767477,-9.16346368767477,-9.16346368767477,-9.16346368767477,-9.16346368767477
92,-9.78144043955736,-9.78144043955736,-9.78144043955736,-9.78144043955736,-9.78144043955736,-9.78144043955736,-9.78144043955736,-9.78144043955736,-9.78144043955736,-9.78144043955736,-9.78144043955736,-9.78144043955736,-9.78144043955736,-9.78144043955736,-9.78144043955736,-9.78144043955736,-9.78144043955736,-9.78144043955736,-9.78144043955736,-9.78144043955736,-9.78144043955736,-9.78144043955736,-9.78144043955736,-9.78144043955736,-9.78144043955736,-9.78144043955736,-9.78144043955736,-9.78144043955736,-9.78144043955736,-9.78144043955736,-9.78144043955736,-9.78144043955736,-9.78144043955736,-9.78144043955736,-9.78144043955736,-9.78144043955736
94,-10.3961356776743,-10.3961356776743,-10.3961356776743,-10.3961356776743,-10.3961356776743,-10.3961356776743,-10.3961356776743,-10.3961356776743,-10.3961356776743,-10.3961356776743,-10.3961356776743,-10.3961356776743,-10.3961356776743,-10.3961356776743,-10.3961356776743,-10.3961356776743,-10.3961356776743,-10.3961356776743,-10.3961356776743,-10.3961356776743,-10.3961356776743,-10.3961356776743,-10.3961356776743,-10.3961356776743,-10.3961356776743,-10.3961356776743,-10.3961356776743,-10.3961356776743,-10.3961356776743,-10.3961356776743,-10.3961356776743,-10.3961356776743,-10.3961356776743,-10.3961356776743,-10.3961356776743,-10.3961356776743
96,-11.0065172648299,-11.0065172648299,-11.0065172648299,-11.0065172648299,-11.0065172648299,-11.0065172648299,-11.0065172648299,-11.0065172648299,-11.0065172648299,-11.0065172648299,-11.0065172648299,-11.0065172648299,-11.0065172648299,-11.0065172648299,-11.0065172648299,-11.0065172648299,-11.0065172648299,-11.0065172648299,-11.0065172648299,-11.0065172648299,-11.0065172648299,-11.0065172648299,-11.0065172648299,-11.0065172648299,-11.0065172648299,-11.0065172648299,-11.0065172648299,-11.0065172648299,-11.0065172648299,-11.0065172648299,-11.0065172648299,-11.0065172648299,-11.0065172648299,-11.0065172648299,-11.0065172648299,-11.0065172648299
98,-11.6131003512531,-11.6131003512531,-11.6131003512531,-11.6131003512531,-11.6131003512531,-11.6131003512531,-11.6131003512531,-11.6131003512531,-11.6131003512531,-11.6131003512531,-11.6131003512531,-11.6131003512531,-11.6131003512531,-11.6131003512531,-11.6131003512531,-11.6131003512531,-11.6131003512531,-11.6131003512531,-11.6131003512531,-11.6131003512531,-11.6131003512531,-11.6131003512531,-11.6131003512531,-11.6131003512531,-11.6131003512531,-11.6131003512531,-11.6131003512531,-11.6131003512531,-11.6131003512531,-11.6131003512531,-11.6131003512531,-11.6131003512531,-11.6131003512531,-11.6131003512531,-11.6131003512531,-11.6131003512531
100,-12.2188270189885,-12.2188270189885,-12.2188270189885,-12.2188270189885,-12.2188270189885,-12.2188270189885,-12.2188270189885,-12.2188270189885,-12.2188270189885,-12.2188270189885,-12.2188270189885,-12.2188270189885,-12.2188270189885,-12.2188270189885,-12.2188270189885,-12.2188270189885,-12.2188270189885,-12.2188270189885,-12.2188270189885,-12.2188270189885,-12.2188270189885,-12.2188270189885,-12.2188270189885,-12.2188270189885,-12.2188270189885,-12.2188270189885,-12.2188270189885,-12.2188270189885,-12.2188270189885,-12.2188270189885,-12.2188270189885,-12.2188270189885,-12.2188270189885,-12.2188270189885,-12.2188270189885,-12.2188270189885
102,-12.8300069385758,-12.8300069385758,-12.8300069385758,-12.8300069385758,-12.8300069385758,-12.8300069385758,-12.8300069385758,-12.8300069385758,-12.8300069385758,-12.8300069385758,-12.8300069385758,-12.8300069385758,-12.8300069385758,-12.8300069385758,-12.8300069385758,-12.8300069385758,-12.8300069385758,-12.8300069385758,-12.8300069385758,-12.8300069385758,-12.8300069385758,-12.8300069385758,-12.8300069385758,-12.8300069385758,-12.8300069385758,-12.8300069385758,-12.8300069385758,-12.8300069385758,-12.8300069385758,-12.8300069385758,-12.8300069385758,-12.8300069385758,-12.8300069385758,-12.8300069385758,-12.8300069385758,-12.8300069385758
104,-13.4571223259161,-13.4571223259161,-13.4571223259161,-13.4571223259161,-13.4571223259161,-13.4571223259161,-13.4571223259161,-13.4571223259161,-13.4571223259161,-13.4571223259161,-13.4571223259161,-13.4571223259161,-13.4571223259161,-13.4571223259161,-13.4571223259161,-13.4571223259161,-13.4571223259161,-13.4571223259161,-13.4571223259161,-13.4571223259161,-13.4571223259161,-13.4571223259161,-13.4571223259161,-13.4571223259161,-13.4571223259161,-13.4571223259161,-13.4571223259161,-13.4571223259161,-13.4571223259161,-13.4571223259161,-13.4571223259161,-13.4571223259161,-13.4571223259161,-13.4571223259161,-13.4571223259161,-13.4571223259161
106,-14.1151599643216,-14.1151599643216,-14.1151599643216,-14.1151599643216,-14.1151599643216,-14.1151599643216,-14.1151599643216,-14.1151599643216,-14.1151599643216,-14.1151599643216,-14.1151599643216,-14.1151599643216,-14.1151599643216,-14.1151599643216,-14.1151599643216,-14.1151599643216,-14.1151599643216,-14.1151599643216,-14.1151599643216,-14.1151599643216,-14.1151599643216,-14.1151599643216,-14.1151599643216,-14.1151599643216,-14.1151599643216,-14.1151599643216,-14.1151599643216,-14.1151599643216,-14.1151599643216,-14.1151599643216,-14.1151599643216,-14.1151599643216,-14.1151599643216,-14.1151599643216,-14.1151599643216,-14.1151599643216
108,-14.8228923082031,-14.8228923082031,-14.8228923082031,-14.8228923082031,-14.8228923082031,-14.8228923082031,-14.8228923082031,-14.8228923082031,-14.8228923082031,-14.8228923082031,-14.8228923082031,-14.8228923082031,-14.8228923082031,-14.8228923082031,-14.8228923082031,-14.8228923082031,-14.8228923082031,-14.8228923082031,-14.8228923082031,-14.8228923082031,-14.8228923082031,-14.8228923082031,-14.8228923082031,-14.8228923082031,-14.8228923082031,-14.8228923082031,-14.8228923082031,-14.8228923082031,-14.8228923082031,-14.8228923082031,-14.8228923082031,-14.8228923082031,-14.8228923082031,-14.8228923082031,-14.8228923082031,-14.8228923082031
110,-15.5999840415526,-15.5999840415526,-15.5999840415526,-15.5999840415526,-15.5999840415526,-15.5999840415526,-15.5999840415526,-15.5999840415526,-15.5999840415526,-15.5999840415526,-15.5999840415526,-15.5999840415526,-15.5999840415526,-15.5999840415526,-15.5999840415526,-15.5999840415526,-15.5999840415526,-15.5999840415526,-15.5999840415526,-15.5999840415526,-15.5999840415526,-15.5999840415526,-15.5999840415526,-15.5999840415526,-15.5999840415526,-15.5999840415526,-15.5999840415526,-15.5999840415526,-15.5999840415526,-15.5999840415526,-15.5999840415526,-15.5999840415526,-15.5999840415526,-15.5999840415526,-15.5999840415526,-15.5999840415526
112,-16.4594835314186,-16.4594835314186,-16.4594835314186,-16.4594835314186,-16.4594835314186,-16.4594835314186,-16.4594835314186,-16.4594835314186,-16.4594835314186,-16.4594835314186,-16.4594835314186,-16.4594835314186,-16.4594835314186,-16.4594835314186,-16.4594835314186,-16.4594835314186,-16.4594835314186,-16.4594835314186,-16.4594835314186,-16.4594835314186,-16.4594835314186,-16.4594835314186,-16.4594835314186,-16.4594835314186,-16.4594835314186,-16.4594835314186,-16.4594835314186,-16.4594835314186,-16.4594835314186,-16.4594835314186,-16.4594835314186,-16.4594835314186,-16.4594835314186,-16.4594835314186,-16.4594835314186,-16.4594835314186
114,-17.3905480676745,-17.3905480676745,-17.3905480676745,-17.3905480676745,-17.3905480676745,-17.3905480676745,-17.3905480676745,-17.3905480676745,-17.3905480676745,-17.3905480676745,-17.3905480676745,-17.3905480676745,-17.3905480676745,-17.3905480676745,-17.3905480676745,-17.3905480676745,-17.3905480676745,-17.3905480676745,-17.3905480676745,-17.3905480676745,-17.3905480676745,-17.3905480676745,-17.3905480676745,-17.3905480676745,-17.3905480676745,-17.3905480676745,-17.3905480676745,-17.3905480676745,-17.3905480676745,-17.3905480676745,-17.3905480676745,-17.3905480676745,-17.3905480676745,-17.3905480676745,-17.3905480676745,-17.3905480676745
116,-18.3235270287892,-18.3235270287892,-18.3235270287892,-18.3235270287892,-18.3235270287892,-18.3235270287892,-18.3235270287892,-18.3235270287892,-18.3235270287892,-18.3235270287892,-18.3235270287892,-18.3235270287892,-18.3235270287892,-18.3235270287892,-18.3235270287892,-18.3235270287892,-18.3235270287892,-18.3235270287892,-18.3235270287892,-18.3235270287892,-18.3235270287892,-18.3235270287892,-18.3235270287892,-18.3235270287892,-18.3235270287892,-18.3235270287892,-18.3235270287892,-18.3235270287892,-18.3235270287892,-18.3235270287892,-18.3235270287892,-18.3235270287892,-18.3235270287892,-18.3235270287892,-18.3235270287892,-18.3235270287892
118,-19.0811523968492,-19.0811523968492,-19.0811523968492,-19.0811523968492,-19.0811523968492,-19.0811523968492,-19.0811523968492,-19.0811523968492,-19.0811523968492,-19.0811523968492,-19.0811523968492,-19.0811523968492,-19.0811523968492,-19.0811523968492,-19.0811523968492,-19.0811523968492,-19.0811523968492,-19.0811523968492,-19.0811523968492,-19.0811523968492,-19.0811523968492,-19.0811523968492,-19.0811523968492,-19.0811523968492,-19.0811523968492,-19.0811523968492,-19.0811523968492,-19.0811523968492,-19.0811523968492,-19.0811523968492,-19.0811523968492,-19.0811523968492,-19.0811523968492,-19.0811523968492,-19.0811523968492,-19.0811523968492
120,-19.3855633849385,-19.3855633849385,-19.3855633849385,-19.3855633849385,-19.3855633849385,-19.3855633849385,-19.3855633849385,-19.3855633849385,-19.3855633849385,-19.3855633849385,-19.3855633849385,-19.3855633849385,-19.3855633849385,-19.3855633849385,-19.3855633849385,-19.3855633849385,-19.3855633849385,-19.3855633849385,-19.3855633849385,-19.3855633849385,-19.3855633849385,-19.3855633849385,-19.3855633849385,-19.3855633849385,-19.3855633849385,-19.3855633849385,-19.3855633849385,-19.3855633849385,-19.3855633849385,-19.3855633849385,-19.3855633849385,-19.3855633849385,-19.3855633849385,-19.3855633849385,-19.3855633849385,-19.3855633849385
122,-19.0498921425795,-19.0498921425795,-19.0498921425795,-19.0498921425795,-19.0498921425795,-19.0498921425795,-19.0498921425795,-19.0498921425795,-19.0498921425795,-19.0498921425795,-19.0498921425795,-19.0498921425795,-19.0498921425795,-19.0498921425795,-19.0498921425795,-19.0498921425795,-19.0498921425795,-19.0498921425795,-19.0498921425795,-19.0498921425795,-19.0498921425795,-19.0498921425795,-19.0498921425795,-19.0498921425795,-19.0498921425795,-19.0498921425795,-19.0498921425795,-19.0498921425795,-19.0498921425795,-19.0498921425795,-19.0498921425795,-19.0498921425795,-19.0498921425795,-19.0498921425795,-19.0498921425795,-19.0498921425795
124,-18.2017717404556,-18.2017717404556,-18.2017717404556,-18.2017717404556,-18.2017717404556,-18.2017717404556,-18.2017717404556,-18.2017717404556,-18.2017717404556,-18.2017717404556,-18.2017717404556,-18.2017717404556,-18.2017717404556,-18.2017717404556,-18.2017717404556,-18.2017717404556,-18.2017717404556,-18.2017717404556,-18.2017717404556,-18.2017717404556,-18.2017717404556,-18.2017717404556,-18.2017717404556,-18.2017717404556,-18.2017717404556,-18.2017717404556,-18.2017717404556,-18.2017717404556,-18.2017717404556,-18.2017717404556,-18.2017717404556,-18.2017717404556,-18.2017717404556,-18.2017717404556,-18.2017717404556,-18.2017717404556
126,-17.1683554426756,-17.1683554426756,-17.1683554426756,-17.1683554426756,-17.1683554426756,-17.1683554426756,-17.1683554426756,-17.1683554426756,-17.1683554426756,-17.1683554426756,-17.1683554426756,-17.1683554426756,-17.1683554426756,-17.1683554426756,-17.1683554426756,-17.1683554426756,-17.1683554426756,-17.1683554426756,-17.1683554426756,-17.1683554426756,-17.1683554426756,-17.1683554426756,-17.1683554426756,-17.1683554426756,-17.1683554426756,-17.1683554426756,-17.1683554426756,-17.1683554426756,-17.1683554426756,-17.1683554426756,-17.1683554426756,-17.1683554426756,-17.1683554426756,-17.1683554426756,-17.1683554426756,-17.1683554426756
128,-16.2268012851735,-16.2268012851735,-16.2268012851735,-16.2268012851735,-16.2268012851735,-16.2268012851735,-16.2268012851735,-16.2268012851735,-16.2268012851735,-16.2268012851735,-16.2268012851735,-16.2268012851735,-16.2268012851735,-16.2268012851735,-16.2268012851735,-16.2268012851735,-16.2268012851735,-16.2268012851735,-16.2268012851735,-16.2268012851735,-16.2268012851735,-16.2268012851735,-16.2268012851735,-16.2268012851735,-16.2268012851735,-16.2268012851735,-16.2268012851735,-16.2268012851735,-16.2268012851735,-16.2268012851735,-16.2268012851735,-16.2268012851735,-16.2268012851735,-16.2268012851735,-16.2268012851735,-16.2268012851735
130,-15.5359888766269,-15.5359888766269,-15.5359888766269,-15.5359888766269,-15.5359888766269,-15.5359888766269,-15.5359888766269,-15.5359888766269,-15.5359888766269,-15.5359888766269,-15.5359888766269,-15.5359888766269,-15.5359888766269,-15.5359888766269,-15.5359888766269,-15.5359888766269,-15.5359888766269,-15.5359888766269,-15.5359888766269,-15.5359888766269,-15.5359888766269,-15.5359888766269,-15.5359888766269,-15.5359888766269,-15.5359888766269,-15.5359888766269,-15.5359888766269,-15.5359888766269,-15.5359888766269,-15.5359888766269,-15.5359888766269,-15.5359888766269,-15.5359888766269,-15.5359888766269,-15.5359888766269,-15.5359888766269
132,-15.1755905985466,-15.1755905985466,-15.1755905985466,-15.1755905985466,-15.1755905985466,-15.1755905985466,-15.1755905985466,-15.1755905985466,-15.1755905985466,-15.1755905985466,-15.1755905985466,-15.1755905985466,-15.1755905985466,-15.1755905985466,-15.1755905985466,-15.1755905985466,-15.1755905985466,-15.1755905985466,-15.1755905985466,-15.1755905985466,-15.1755905985466,-15.1755905985466,-15.1755905985466,-15.1755905985466,-15.1755905985466,-15.1755905985466,-15.1755905985466,-15.1755905985466,-15.1755905985466,-15.1755905985466,-15.1755905985466,-15.1755905985466,-15.1755905985466,-15.1755905985466,-15.1755905985466,-15.1755905985466
134,-15.1804417933042,-15.1804417933042,-15.1804417933042,-15.1804417933042,-15.1804417933042,-15.1804417933042,-15.1804417933042,-15.1804417933042,-15.1804417933042,-15.1804417933042,-15.1804417933042,-15.1804417933042,-15.1804417933042,-15.1804417933042,-15.1804417933042,-15.1804417933042,-15.1804417933042,-15.1804417933042,-15.1804417933042,-15.1804417933042,-15.1804417933042,-15.1804417933042,-15.1804417933042,-15.1804417933042,-15.1804417933042,-15.1804417933042,-15.1804417933042,-15.1804417933042,-15.1804417933042,-15.1804417933042,-15.1804417933042,-15.1804417933042,-15.1804417933042,-15.1804417933042,-15.1804417933042,-15.1804417933042
136,-15.5382167494679,-15.5382167494679,-15.5382167494679,-15.5382167494679,-15.5382167494679,-15.5382167494679,-15.5382167494679,-15.5382167494679,-15.5382167494679,-15.5382167494679,-15.5382167494679,-15.5382167494679,-15.5382167494679,-15.5382167494679,-15.5382167494679,-15.5382167494679,-15.5382167494679,-15.5382167494679,-15.5382167494679,-15.5382167494679,-15.5382167494679,-15.5382167494679,-15.5382167494679,-15.5382167494679,-15.5382167494679,-15.5382167494679,-15.5382167494679,-15.5382167494679,-15.5382167494679,-15.5382167494679,-15.5382167494679,-15.5382167494679,-15.5382167494679,-15.5382167494679,-15.5382167494679,-15.5382167494679
138,-16.1313000133148,-16.1313000133148,-16.1313000133148,-16.1313000133148,-16.1313000133148,-16.1313000133148,-16.1313000133148,-16.1313000133148,-16.1313000133148,-16.1313000133148,-16.1313000133148,-16.1313000133148,-16.1313000133148,-16.1313000133148,-16.1313000133148,-16.1313000133148,-16.1313000133148,-16.1313000133148,-16.1313000133148,-16.1313000133148,-16.1313000133148,-16.1313000133148,-16.1313000133148,-16.1313000133148,-16.1313000133148,-16.1313000133148,-16.1313000133148,-16.1313000133148,-16.1313000133148,-16.1313000133148,-16.1313000133148,-16.1313000133148,-16.1313000133148,-16.1313000133148,-16.1313000133148,-16.1313000133148
140,-16.6152108484137,-16.6152108484137,-16.6152108484137,-16.6152108484137,-16.6152108484137,-16.6152108484137,-16.6152108484137,-16.6152108484137,-16.6152108484137,-16.6152108484137,-16.6152108484137,-16.6152108484137,-16.6152108484137,-16.6152108484137,-16.6152108484137,-16.6152108484137,-16.6152108484137,-16.6152108484137,-16.6152108484137,-16.6152108484137,-16.6152108484137,-16.6152108484137,-16.6152108484137,-16.6152108484137,-16.6152108484137,-16.6152108484137,-16.6152108484137,-16.6152108484137,-16.6152108484137,-16.6152108484137,-16.6152108484137,-16.6152108484137,-16.6152108484137,-16.6152108484137,-16.6152108484137,-16.6152108484137
142,-16.4398549669286,-16.4398549669286,-16.4398549669286,-16.4398549669286,-16.4398549669286,-16.4398549669286,-16.4398549669286,-16.4398549669286,-16.4398549669286,-16.4398549669286,-16.4398549669286,-16.4398549669286,-16.4398549669286,-16.4398549669286,-16.4398549669286,-16.4398549669286,-16.4398549669286,-16.4398549669286,-16.4398549669286,-16.4398549669286,-16.4398549669286,-16.4398549669286,-16.4398549669286,-16.4398549669286,-16.4398549669286,-16.4398549669286,-16.4398549669286,-16.4398549669286,-16.4398549669286,-16.4398549669286,-16.4398549669286,-16.4398549669286,-16.4398549669286,-16.4398549669286,-16.4398549669286,-16.4398549669286
144,-15.4063396362106,-15.4063396362106,-15.4063396362106,-15.4063396362106,-15.4063396362106,-15.4063396362106,-15.4063396362106,-15.4063396362106,-15.4063396362106,-15.4063396362106,-15.4063396362106,-15.4063396362106,-15.4063396362106,-15.4063396362106,-15.4063396362106,-15.4063396362106,-15.4063396362106,-15.4063396362106,-15.4063396362106,-15.4063396362106,-15.4063396362106,-15.4063396362106,-15.4063396362106,-15.4063396362106,-15.4063396362106,-15.4063396362106,-15.4063396362106,-15.4063396362106,-15.4063396362106,-15.4063396362106,-15.4063396362106,-15.4063396362106,-15.4063396362106,-15.4063396362106,-15.4063396362106,-15.4063396362106
146,-13.9744177786476,-13.9744177786476,-13.9744177786476,-13.9744177786476,-13.9744177786476,-13.9744177786476,-13.9744177786476,-13.9744177786476,-13.9744177786476,-13.9744177786476,-13.9744177786476,-13.9744177786476,-13.9744177786476,-13.9744177786476,-13.9744177786476,-13.9744177786476,-13.9744177786476,-13.9744177786476,-13.9744177786476,-13.9744177786476,-13.9744177786476,-13.9744177786476,-13.9744177786476,-13.9744177786476,-13.9744177786476,-13.9744177786476,-13.9744177786476,-13.9744177786476,-13.9744177786476,-13.9744177786476,-13.9744177786476,-13.9744177786476,-13.9744177786476,-13.9744177786476,-13.9744177786476,-13.9744177786476
148,-12.6672338017954,-12.6672338017954,-12.6672338017954,-12.6672338017954,-12.6672338017954,-12.6672338017954,-12.6672338017954,-12.6672338017954,-12.6672338017954,-12.6672338017954,-12.6672338017954,-12.6672338017954,-12.6672338017954,-12.6672338017954,-12.6672338017954,-12.6672338017954,-12.6672338017954,-12.6672338017954,-12.6672338017954,-12.6672338017954,-12.6672338017954,-12.6672338017954,-12.6672338017954,-12.6672338017954,-12.6672338017954,-12.6672338017954,-12.6672338017954,-12.6672338017954,-12.6672338017954,-12.6672338017954,-12.6672338017954,-12.6672338017954,-12.6672338017954,-12.6672338017954,-12.6672338017954,-12.6672338017954
150,-11.7474225616199,-11.7474225616199,-11.7474225616199,-11.7474225616199,-11.7474225616199,-11.7474225616199,-11.7474225616199,-11.7474225616199,-11.7474225616199,-11.7474225616199,-11.7474225616199,-11.7474225616199,-11.7474225616199,-11.7474225616199,-11.7474225616199,-11.7474225616199,-11.7474225616199,-11.7474225616199,-11.7474225616199,-11.7474225616199,-11.7474225616199,-11.7474225616199,-11.7474225616199,-11.7474225616199,-11.7474225616199,-11.7474225616199,-11.7474225616199,-11.7474225616199,-11.7474225616199,-11.7474225616199,-11.7474225616199,-11.7474225616199,-11.7474225616199,-11.7474225616199,-11.7474225616199,-11.7474225616199
152,-11.3096314559923,-11.3096314559923,-11.3096314559923,-11.3096314559923,-11.3096314559923,-11.3096314559923,-11.3096314559923,-11.3096314559923,-11.3096314559923,-11.3096314559923,-11.3096314559923,-11.3096314559923,-11.3096314559923,-11.3096314559923,-11.3096314559923,-11.3096314559923,-11.3096314559923,-11.3096314559923,-11.3096314559923,-11.3096314559923,-11.3096314559923,-11.3096314559923,-11.3096314559923,-11.3096314559923,-11.3096314559923,-11.3096314559923,-11.3096314559923,-11.3096314559923,-11.3096314559923,-11.3096314559923,-11.3096314559923,-11.3096314559923,-11.3096314559923,-11.3096314559923,-11.3096314559923,-11.3096314559923
154,-11.3798553733271,-11.3798553733271,-11.3798553733271,-11.3798553733271,-11.3798553733271,-11.3798553733271,-11.3798553733271,-11.3798553733271,-11.3798553733271,-11.3798553733271,-11.3798553733271,-11.3798553733271,-11.3798553733271,-11.3798553733271,-11.3798553733271,-11.3798553733271,-11.3798553733271,-11.3798553733271,-11.3798553733271,-11.3798553733271,-11.3798553733271,-11.3798553733271,-11.3798553733271,-11.3798553733271,-11.3798553733271,-11.3798553733271,-11.3798553733271,-11.3798553733271,-11.3798553733271,-11.3798553733271,-11.3798553733271,-11.3798553733271,-11.3798553733271,-11.3798553733271,-11.3798553733271,-11.3798553733271
156,-11.937972785309,-11.937972785309,-11.937972785309,-11.937972785309,-11.937972785309,-11.937972785309,-11.937972785309,-11.937972785309,-11.937972785309,-11.937972785309,-11.937972785309,-11.937972785309,-11.937972785309,-11.937972785309,-11.937972785309,-11.937972785309,-11.937972785309,-11.937972785309,-11.937972785309,-11.937972785309,-11.937972785309,-11.937972785309,-11.937972785309,-11.937972785309,-11.937972785309,-11.937972785309,-11.937972785309,-11.937972785309,-11.937972785309,-11.937972785309,-11.937972785309,-11.937972785309,-11.937972785309,-11.937972785309,-11.937972785309,-11.937972785309
158,-12.8641860619223,-12.8641860619223,-12.8641860619223,-12.8641860619223,-12.8641860619223,-12.8641860619223,-12.8641860619223,-12.8641860619223,-12.8641860619223,-12.8641860619223,-12.8641860619223,-12.8641860619223,-12.8641860619223,-12.8641860619223,-12.8641860619223,-12.8641860619223,-12.8641860619223,-12.8641860619223,-12.8641860619223,-12.8641860619223,-12.8641860619223,-12.8641860619223,-12.8641860619223,-12.8641860619223,-12.8641860619223,-12.8641860619223,-12.8641860619223,-12.8641860619223,-12.8641860619223,-12.8641860619223,-12.8641860619223,-12.8641860619223,-12.8641860619223,-12.8641860619223,-12.8641860619223,-12.8641860619223
160,-13.8012043848694,-13.8012043848694,-13.8012043848694,-13.8012043848694,-13.8012043848694,-13.8012043848694,-13.8012043848694,-13.8012043848694,-13.8012043848694,-13.8012043848694,-13.8012043848694,-13.8012043848694,-13.8012043848694,-13.8012043848694,-13.8012043848694,-13.8012043848694,-13.8012043848694,-13.8012043848694,-13.8012043848694,-13.8012043848694,-13.8012043848694,-13.8012043848694,-13.8012043848694,-13.8012043848694,-13.8012043848694,-13.8012043848694,-13.8012043848694,-13.8012043848694,-13.8012043848694,-13.8012043848694,-13.8012043848694,-13.8012043848694,-13.8012043848694,-13.8012043848694,-13.8012043848694,-13.8012043848694
162,-14.1412826168878,-14.1412826168878,-14.1412826168878,-14.1412826168878,-14.1412826168878,-14.1412826168878,-14.1412826168878,-14.1412826168878,-14.1412826168878,-14.1412826168878,-14.1412826168878,-14.1412826168878,-14.1412826168878,-14.1412826168878,-14.1412826168878,-14.1412826168878,-14.1412826168878,-14.1412826168878,-14.1412826168878,-14.1412826168878,-14.1412826168878,-14.1412826168878,-14.1412826168878,-14.1412826168878,-14.1412826168878,-14.1412826168878,-14.1412826168878,-14.1412826168878,-14.1412826168878,-14.1412826168878,-14.1412826168878,-14.1412826168878,-14.1412826168878,-14.1412826168878,-14.1412826168878,-14.1412826168878
164,-13.6388604956925,-13.6388604956925,-13.6388604956925,-13.6388604956925,-13.6388604956925,-13.6388604956925,-13.6388604956925,-13.6388604956925,-13.6388604956925,-13.6388604956925,-13.6388604956925,-13.6388604956925,-13.6388604956925,-13.6388604956925,-13.6388604956925,-13.6388604956925,-13.6388604956925,-13.6388604956925,-13.6388604956925,-13.6388604956925,-13.6388604956925,-13.6388604956925,-13.6388604956925,-13.6388604956925,-13.6388604956925,-13.6388604956925,-13.6388604956925,-13.6388604956925,-13.6388604956925,-13.6388604956925,-13.6388604956925,-13.6388604956925,-13.6388604956925,-13.6388604956925,-13.6388604956925,-13.6388604956925
166,-12.8066880246323,-12.8066880246323,-12.8066880246323,-12.8066880246323,-12.8066880246323,-12.8066880246323,-12.8066880246323,-12.8066880246323,-12.8066880246323,-12.8066880246323,-12.8066880246323,-12.8066880246323,-12.8066880246323,-12.8066880246323,-12.8066880246323,-12.8066880246323,-12.8066880246323,-12.8066880246323,-12.8066880246323,-12.8066880246323,-12.8066880246323,-12.8066880246323,-12.8066880246323,-12.8066880246323,-12.8066880246323,-12.8066880246323,-12.8066880246323,-12.8066880246323,-12.8066880246323,-12.8066880246323,-12.8066880246323,-12.8066880246323,-12.8066880246323,-12.8066880246323,-12.8066880246323,-12.8066880246323
168,-12.2379719628723,-12.2379719628723,-12.2379719628723,-12.2379719628723,-12.2379719628723,-12.2379719628723,-12.2379719628723,-12.2379719628723,-12.2379719628723,-12.2379719628723,-12.2379719628723,-12.2379719628723,-12.2379719628723,-12.2379719628723,-12.2379719628723,-12.2379719628723,-12.2379719628723,-12.2379719628723,-12.2379719628723,-12.2379719628723,-12.2379719628723,-12.2379719628723,-12.2379719628723,-12.2379719628723,-12.2379719628723,-12.2379719628723,-12.2379719628723,-12.2379719628723,-12.2379719628723,-12.2379719628723,-12.2379719628723,-12.2379719628723,-12.2379719628723,-12.2379719628723,-12.2379719628723,-12.2379719628723
170,-12.24805306664,-12.24805306664,-12.24805306664,-12.24805306664,-12.24805306664,-12.24805306664,-12.24805306664,-12.24805306664,-12.24805306664,-12.24805306664,-12.24805306664,-12.24805306664,-12.24805306664,-12.24805306664,-12.24805306664,-12.24805306664,-12.24805306664,-12.24805306664,-12.24805306664,-12.24805306664,-12.24805306664,-12.24805306664,-12.24805306664,-12.24805306664,-12.24805306664,-12.24805306664,-12.24805306664,-12.24805306664,-12.24805306664,-12.24805306664,-12.24805306664,-12.24805306664,-12.24805306664,-12.24805306664,-12.24805306664,-12.24805306664
172,-13.0095504639998,-13.0095504639998,-13.0095504639998,-13.0095504639998,-13.0095504639998,-13.0095504639998,-13.0095504639998,-13.0095504639998,-13.0095504639998,-13.0095504639998,-13.0095504639998,-13.0095504639998,-13.0095504639998,-13.0095504639998,-13.0095504639998,-13.0095504639998,-13.0095504639998,-13.0095504639998,-13.0095504639998,-13.0095504639998,-13.0095504639998,-13.0095504639998,-13.0095504639998,-13.0095504639998,-13.0095504639998,-13.0095504639998,-13.0095504639998,-13.0095504639998,-13.0095504639998,-13.0095504639998,-13.0095504639998,-13.0095504639998,-13.0095504639998,-13.0095504639998,-13.0095504639998,-13.0095504639998
174,-14.7123883877098,-14.7123883877098,-14.7123883877098,-14.7123883877098,-14.7123883877098,-14.7123883877098,-14.7123883877098,-14.7123883877098,-14.7123883877098,-14.7123883877098,-14.7123883877098,-14.7123883877098,-14.7123883877098,-14.7123883877098,-14.7123883877098,-14.7123883877098,-14.7123883877098,-14.7123883877098,-14.7123883877098,-14.7123883877098,-14.7123883877098,-14.7123883877098,-14.7123883877098,-14.7123883877098,-14.7123883877098,-14.7123883877098,-14.7123883877098,-14.7123883877098,-14.7123883877098,-14.7123883877098,-14.7123883877098,-14.7123883877098,-14.7123883877098,-14.7123883877098,-14.7123883877098,-14.7123883877098
176,-17.7256379056836,-17.7256379056836,-17.7256379056836,-17.7256379056836,-17.7256379056836,-17.7256379056836,-17.7256379056836,-17.7256379056836,-17.7256379056836,-17.7256379056836,-17.7256379056836,-17.7256379056836,-17.7256379056836,-17.7256379056836,-17.7256379056836,-17.7256379056836,-17.7256379056836,-17.7256379056836,-17.7256379056836,-17.7256379056836,-17.7256379056836,-17.7256379056836,-17.7256379056836,-17.7256379056836,-17.7256379056836,-17.7256379056836,-17.7256379056836,-17.7256379056836,-17.7256379056836,-17.7256379056836,-17.7256379056836,-17.7256379056836,-17.7256379056836,-17.7256379056836,-17.7256379056836,-17.7256379056836
178,-23.0284462471274,-23.0284462471274,-23.0284462471274,-23.0284462471274,-23.0284462471274,-23.0284462471274,-23.0284462471274,-23.0284462471274,-23.0284462471274,-23.0284462471274,-23.0284462471274,-23.0284462471274,-23.0284462471274,-23.0284462471274,-23.0284462471274,-23.0284462471274,-23.0284462471274,-23.0284462471274,-23.0284462471274,-23.0284462471274,-23.0284462471274,-23.0284462471274,-23.0284462471274,-23.0284462471274,-23.0284462471274,-23.0284462471274,-23.0284462471274,-23.0284462471274,-23.0284462471274,-23.0284462471274,-23.0284462471274,-23.0284462471274,-23.0284462471274,-23.0284462471274,-23.0284462471274,-23.0284462471274
180,-33.7120896570135,-33.7120896570135,-33.7120896570135,-33.7120896570135,-33.7120896570135,-33.7120896570135,-33.7120896570135,-33.7120896570135,-33.7120896570135,-33.7120896570135,-33.7120896570135,-33.7120896570135,-33.7120896570135,-33.7120896570135,-33.7120896570135,-33.7120896570135,-33.7120896570135,-33.7120896570135,-33.7120896570135,-33.7120896570135,-33.7120896570135,-33.7120896570135,-33.7120896570135,-33.7120896570135,-33.7120896570135,-33.7120896570135,-33.7120896570135,-33.7120896570135,-33.7120896570135,-33.7120896570135,-33.7120896570135,-33.7120896570135,-33.7120896570135,-33.7120896570135,-33.7120896570135,-33.7120896570135
