-50,0,10,20,30,40,50,60,70,80,90,100,110,120,130,140,150,160,170,180,190,200,210,220,230,240,250,260,270,280,290,300,310,320,330,340,350
-90,-23.54,-20.85,-16.38,-20.08,-26,-15.34,-12.9,-22.26,-30.5,-25.13,-26.81,-17.6,-23.77,-32.87,-24.73,-16.52,-21.03,-29.83,-20.94,-31.48,-15.65,-18.73,-24.06,-18.28,-14.77,-17.69,-23.19,-22.78,-29.99,-14.43,-18.44,-25.06,-21.95,-12.34,-25.21,-22.31
-88,-22.57,-24.78,-16.72,-20.71,-22.61,-15.05,-12.17,-20.13,-20.09,-24.65,-32.87,-18.33,-20.7,-28.02,-28.61,-14.66,-17.98,-26.16,-19.35,-29.11,-17.22,-17.97,-19.03,-19.53,-12.99,-15.07,-30.51,-20.04,-22.83,-15.46,-19.56,-19.91,-18.87,-9.54,-21.6,-22.44
-86,-20.17,-28.73,-16.68,-21.89,-20.36,-14.28,-12.03,-18.3,-15.37,-25.1,-29.24,-18.37,-17.85,-23.08,-22.48,-13.28,-15.68,-19.42,-18.12,-24.5,-18.95,-17.77,-16.1,-17.51,-11.88,-13.46,-23.12,-18.15,-19.01,-17.21,-19.57,-16.6,-14.14,-8.22,-18.77,-19.99
-84,-17.8,-22.5,-16.79,-21.68,-18.81,-12.64,-12.73,-17.27,-12.73,-25.96,-22.86,-18.22,-16.02,-20.34,-17.34,-12.9,-14.37,-15.77,-17.11,-20.43,-19.32,-17.54,-14.7,-13.89,-11.52,-12.92,-17.39,-17.13,-16.79,-18.93,-17.79,-14.79,-10.66,-8.15,-17.09,-16.93
-82,-16.19,-17.46,-17.11,-19.04,-17.77,-10.72,-14.93,-17.35,-11.3,-26.59,-19.59,-17.15,-14.99,-18.54,-13.25,-13.93,-14.45,-13.7,-16.35,-17.55,-17.9,-16.65,-14.38,-10.69,-12.29,-13.59,-14.18,-16.89,-15.72,-17.77,-15.71,-13.84,-8.32,-9.32,-16.54,-14.54
-80,-15.57,-14.49,-16.84,-16.14,-17.84,-9.13,-20.73,-18.99,-10.7,-27,-18.1,-15.3,-14.45,-17.17,-10.36,-17.09,-16.02,-12.79,-16,-15.69,-16.18,-15.3,-14.95,-8.48,-15.08,-15.87,-12.46,-17.45,-15.67,-14.45,-14.17,-13.39,-7.07,-12.53,-15.85,-13.37
-78,-16.04,-12.9,-15.69,-13.97,-19.63,-8.01,-25.4,-22.56,-10.93,-28.02,-17.37,-13.82,-14.42,-16.28,-8.62,-25.97,-18.37,-13.06,-16.33,-14.77,-14.63,-14.24,-16.84,-7.36,-23.13,-19.94,-11.96,-19.03,-16.54,-11.55,-13.32,-13.69,-6.8,-22.76,-13.9,-13.72
-76,-17.8,-12.38,-14.22,-12.74,-23.97,-7.43,-14.33,-20.43,-12.29,-31.11,-16.94,-13.02,-15.24,-16.35,-7.69,-18.06,-18.13,-14.98,-17.79,-14.88,-13.23,-14.18,-21.66,-7.25,-19.6,-17.65,-12.76,-21.89,-18.02,-9.53,-13.32,-15.49,-7.3,-17.48,-11.5,-16.17
-74,-21.22,-12.85,-12.76,-12.62,-27.12,-7.47,-9.2,-14.06,-15.47,-40.21,-17.11,-12.69,-17.67,-18.23,-7.28,-10.26,-14.26,-20.06,-21.21,-16.01,-12.1,-15.42,-27.06,-7.97,-11.18,-11.8,-15.45,-24.62,-19.4,-8.34,-14.57,-20.32,-8.29,-9.31,-9.18,-23.09
-72,-23.68,-14.53,-11.44,-13.77,-20.06,-8.14,-6.14,-9.81,-21.16,-30.85,-18.31,-12.53,-24.04,-25.07,-7.5,-6.13,-10.2,-24.74,-27.81,-17.8,-11.35,-17.38,-17.79,-9.2,-6.87,-8.05,-22.86,-22.17,-20.03,-7.86,-17.83,-26.91,-9.38,-5.69,-7.03,-26.05
-70,-19.35,-18.21,-10.49,-15.86,-15.11,-9.07,-4.28,-7.18,-18.8,-23.64,-20.62,-12.44,-27.55,-25.17,-8.44,-3.9,-7.11,-16.18,-22.82,-19.52,-10.98,-18.08,-12.87,-10.08,-4.37,-5.94,-23.76,-18.3,-20.3,-8,-23.14,-17.34,-9.72,-3.84,-5.41,-15.47
-68,-15.56,-26.97,-10.17,-17.07,-12.05,-9.69,-3.43,-5.72,-13.12,-19.48,-23.75,-12.63,-17.65,-14.68,-9.36,-3.03,-5.19,-12.03,-16.61,-20.88,-10.98,-17.02,-10.09,-9.64,-3.17,-5.14,-13.74,-15.5,-20.88,-8.7,-19.4,-12.4,-8.92,-3.17,-4.69,-11.13
-66,-13.42,-28.61,-10.68,-16.09,-10.27,-10,-3.62,-5.11,-9.88,-16.78,-26.74,-13.43,-13.52,-10.4,-9.41,-3.32,-4.36,-10.11,-13.03,-22.14,-11.48,-15.5,-8.68,-8.72,-3.21,-5.41,-9.33,-13.67,-22.04,-10.07,-14.93,-9.89,-8.01,-3.64,-4.82,-9.06
-64,-12.39,-20.24,-12.3,-14.82,-9.53,-10.64,-4.98,-4.86,-8.26,-15.1,-27.09,-15.14,-11.52,-8.76,-9.65,-4.68,-4.27,-9.5,-11.02,-22.83,-12.76,-14.25,-8.5,-8.79,-4.64,-5.98,-6.98,-12.74,-24.12,-12.5,-13.14,-9.14,-7.97,-5.53,-5,-8.39
-62,-12.25,-17.08,-15.66,-14.24,-9.7,-12.31,-7.45,-4.2,-7.87,-14.36,-26.39,-17.69,-10.78,-9.12,-11.36,-6.44,-4.06,-9.83,-10.32,-21.3,-15.16,-13.7,-9.33,-10.85,-7.62,-5.08,-5.94,-12.78,-27.97,-16.77,-13.1,-10.41,-9.38,-8.76,-3.92,-8.6
-60,-13.11,-15.39,-21.2,-14.03,-10.63,-15.95,-8.95,-2.65,-8.19,-14.64,-28.57,-18.48,-10.9,-11.25,-14.89,-6.02,-2.77,-10.38,-11.1,-18.2,-18.17,-13.71,-10.21,-17.1,-9.68,-2.58,-5.86,-14.05,-34.93,-21.72,-13.7,-14.98,-13.55,-8.75,-1.76,-9.03
-58,-15.57,-14.33,-19.48,-13.09,-11.64,-19.37,-6.61,-0.75,-8.02,-16.27,-41.16,-15.31,-11.23,-13.24,-16.6,-3.67,-0.74,-9.52,-14.03,-15.49,-18.52,-13.36,-9.84,-23.17,-6.47,-0.21,-6.39,-17.01,-40.91,-18.35,-13.03,-17.58,-31.42,-4.71,0.3,-8.6
-56,-21.87,-13.79,-15.76,-11.23,-10.67,-12.63,-3.83,0.8,-6.63,-20.21,-31.27,-12.46,-10.98,-10.96,-11.79,-1.91,0.99,-7.33,-22.11,-13.77,-17.09,-12.09,-8.53,-11.06,-3.29,1.29,-6.71,-20.67,-40.97,-15.94,-11.33,-9.93,-13.17,-1.75,1.64,-6.75
-54,-26.83,-14.1,-15.9,-9.81,-7.75,-7.56,-2.2,1.67,-4.97,-23.2,-25.32,-11.68,-10.32,-7.77,-7.27,-1.26,1.89,-5.38,-23.85,-13.32,-17.85,-10.74,-6.7,-6.17,-1.68,1.88,-5.86,-17.11,-32.17,-16.96,-10.43,-6.08,-7.15,-0.29,2.07,-4.36
-52,-15.99,-15.86,-23.46,-10,-5.11,-4.47,-1.64,1.79,-3.87,-15.41,-24.11,-14.29,-10.38,-5.67,-4.25,-1.6,1.82,-4.14,-14.17,-14.97,-26.24,-10.54,-4.59,-3.45,-1.41,1.62,-4.19,-12.5,-26.78,-19.58,-11.44,-4.46,-4.35,-0.16,1.58,-2.39
-50,-11.63,-20.1,-18.39,-13.13,-3.55,-2.52,-1.96,1.2,-3.46,-10.28,-23.84,-30.75,-12.53,-4.55,-2.39,-2.67,0.79,-3.43,-10.49,-21.49,-19.02,-12.9,-2.94,-1.92,-2.17,0.71,-2.71,-9.75,-25.59,-14.18,-16.18,-4.16,-2.7,-1.16,0.48,-1.21
-48,-9.46,-27.46,-8.76,-21.62,-3.16,-1.3,-2.94,0.04,-3.64,-7.36,-20.51,-12.27,-20.69,-4.22,-1.27,-3.99,-0.91,-3.04,-8.95,-21.9,-9.77,-18.65,-2.26,-1.08,-3.45,-0.55,-1.87,-8.36,-26.53,-8.97,-29.56,-4.64,-1.15,-2.75,-0.64,-0.96
-46,-8.21,-28.43,-4.31,-12.06,-3.97,-0.65,-4.21,-1.26,-4.23,-5.92,-16.9,-5.83,-16.61,-4.59,-0.53,-4.87,-2.61,-2.94,-8.73,-13.6,-5.47,-11.19,-2.62,-0.57,-4.4,-1.59,-1.75,-7.83,-22.25,-5.74,-13.55,-5.53,0.39,-3.84,-1.25,-1.71
-44,-6.92,-35.82,-2.09,-6.6,-5.82,-0.51,-5.13,-1.98,-4.99,-5.54,-14.87,-2.84,-9,-5.38,-0.08,-4.9,-3.23,-3.13,-8.89,-11.25,-3.36,-5.77,-3.74,-0.31,-4.39,-1.8,-2.26,-7.3,-17.43,-3.42,-9.04,-6.66,1.34,-3.78,-1.21,-3.49
-42,-5.12,-23.17,-1.06,-4.27,-7.81,-0.84,-5.05,-1.63,-5.68,-5.51,-14.17,-1.25,-6.21,-5.81,-0.16,-4.34,-2.38,-3.6,-7.71,-12.21,-2.14,-3.25,-5.08,-0.5,-3.58,-1.1,-3.27,-5.73,-15.12,-1.35,-7.02,-7.65,1.26,-3.11,-0.65,-5.94
-40,-3.24,-15.96,-0.16,-3.3,-8.14,-1.58,-4.06,-0.56,-6.2,-4.54,-14.38,0.07,-5.32,-5.34,-0.94,-3.64,-0.85,-4.26,-5.21,-15.29,-0.56,-2.14,-6.2,-1.37,-2.56,-0.07,-4.52,-3.36,-15,0.41,-5.3,-7.58,-0.14,-2.67,0.04,-6.97
-38,-1.71,-14.68,1.14,-2.61,-7.15,-2.72,-3.04,0.38,-6.65,-2.31,-14.88,1.37,-4.47,-4.64,-2.31,-3.37,0.31,-4.99,-2.92,-16.84,1.23,-1.63,-6.74,-2.88,-1.94,0.66,-5.49,-1.13,-15.99,1.46,-3.45,-6.1,-2.93,-3.05,0.53,-5.61
-36,-0.43,-22.54,2.08,-2.14,-6,-4.06,-2.9,0.5,-7,-0.01,-12.65,2.03,-3.25,-4.34,-3.37,-4.17,0.51,-5.88,-1.16,-17.6,2.18,-1.65,-5.87,-4.04,-2.24,0.66,-5.47,0.52,-13.84,1.48,-2.37,-4.16,-4.96,-4.65,0.57,-4.76
-34,0.99,-14.39,1.81,-2.77,-4.31,-4.38,-4.48,-0.68,-6.75,1.63,-7.96,1.46,-2.96,-3.82,-2.76,-6.81,-0.65,-6.64,0.46,-12.09,1.68,-2.73,-3.56,-3.22,-4.01,-0.4,-4.5,1.59,-9.34,0.28,-2.78,-2.34,-2.82,-7.87,-0.2,-5.92
-32,2.47,-5.51,-0.05,-5.1,-1.96,-2.57,-9.05,-3.54,-5.54,2.49,-4.21,-0.53,-4.13,-2.02,-1.02,-13.3,-3.55,-5.97,2.02,-5.36,-0.47,-5.17,-1.19,-1.27,-8.56,-3,-3.33,2.28,-5.6,-2.21,-4.81,-0.67,-0.35,-14.37,-2.48,-8.11
-30,3.39,-1.85,-3.18,-7.76,0.1,-0.37,-15.43,-7.66,-3.91,2.73,-1.87,-3.36,-5.14,0.19,0.45,-26.27,-8.7,-4.04,3.11,-1.71,-3.94,-7.24,0.38,0.27,-26.32,-8.26,-2.43,2.77,-2.86,-5.45,-6.78,0.79,0.94,-27.44,-7.07,-5.71
-28,3.17,-1.06,-5.47,-6.74,1.01,0.68,-9.14,-7.88,-2.51,2.64,-0.64,-4.53,-4.07,1.38,0.88,-11.92,-10.75,-2.43,3.25,-0.6,-6.3,-6.07,0.88,0.88,-11.6,-17.4,-2.01,3.01,-1.18,-6.85,-5.54,1.65,1.21,-11.49,-10.04,-2.67
-26,1.29,-2.67,-4.82,-4.73,0.4,0.05,-5.51,-4.51,-1.61,2.29,-0.17,-3.17,-2.89,0.88,-0.19,-7.17,-5.42,-1.52,2.15,-1.82,-5.16,-4.1,0.05,0.16,-6.52,-9.91,-2.38,2.52,-0.86,-5.59,-4.04,1.33,0.38,-6.93,-6.57,-2.17
-24,-1.94,-3.19,-1.17,-1.48,-0.78,-1.29,-1.67,-0.51,-0.44,1.68,0.42,-0.1,-0.75,-0.54,-1.74,-2.21,-0.79,-0.42,0.24,-3.09,-1.1,-1.12,-1.62,-1.96,-3.73,-3.84,-3.15,0.72,-1.59,-2.49,-2.66,-0.55,-1.49,-3.13,-2.92,-3.09
-22,0.7,2.16,3.7,3.45,2.38,2.21,3.59,4.1,2.92,2.7,3.1,4.15,3.74,2.35,1.99,3.19,3.54,2.5,1.49,1.85,3.94,3.52,1.19,0.12,1.32,1.74,0.07,0.06,0.78,2.48,1.69,0.05,0.41,2.25,2.31,0.83
-20,6.39,7.16,7.94,7.94,7.47,7.54,8.27,8.39,7.5,6.84,7.38,8.26,8.16,7.45,7.35,7.83,7.69,6.81,6.37,7.23,8.29,8.02,6.8,6.23,6.71,6.78,5.8,5.22,6.2,7.3,6.84,5.78,6.2,7.35,7.38,6.57
-18,10.57,10.86,11.27,11.41,11.34,11.47,11.81,11.84,11.39,11.01,11.22,11.61,11.57,11.29,11.28,11.44,11.26,10.77,10.64,11.15,11.67,11.56,11.03,10.75,10.82,10.74,10.29,10.08,10.57,11.06,10.84,10.43,10.68,11.24,11.26,10.8
-16,13.48,13.54,13.76,13.91,13.99,14.11,14.3,14.34,14.18,14.01,14.02,14.09,14.03,13.92,13.96,14.05,13.96,13.72,13.66,13.89,14.11,14.07,13.85,13.7,13.66,13.56,13.37,13.31,13.53,13.72,13.62,13.49,13.67,13.96,13.97,13.7
-14,15.34,15.31,15.4,15.51,15.6,15.71,15.84,15.92,15.91,15.85,15.79,15.72,15.62,15.56,15.62,15.71,15.7,15.6,15.55,15.61,15.67,15.64,15.53,15.45,15.4,15.34,15.26,15.26,15.34,15.4,15.35,15.33,15.47,15.64,15.66,15.5
-12,16.23,16.18,16.2,16.24,16.31,16.39,16.51,16.61,16.67,16.66,16.6,16.49,16.38,16.33,16.37,16.45,16.48,16.45,16.4,16.38,16.36,16.31,16.25,16.2,16.18,16.16,16.15,16.16,16.18,16.18,16.15,16.17,16.27,16.38,16.41,16.34
-10,16.24,16.19,16.17,16.18,16.22,16.29,16.38,16.49,16.57,16.6,16.55,16.46,16.36,16.31,16.32,16.36,16.39,16.38,16.34,16.29,16.23,16.18,16.13,16.11,16.11,16.13,16.15,16.17,16.17,16.15,16.13,16.15,16.21,16.28,16.32,16.29
-8,15.55,15.53,15.51,15.51,15.53,15.59,15.67,15.76,15.83,15.86,15.85,15.79,15.72,15.66,15.64,15.64,15.64,15.63,15.59,15.54,15.48,15.43,15.4,15.39,15.41,15.45,15.49,15.52,15.52,15.5,15.48,15.48,15.5,15.54,15.56,15.57
-6,14.65,14.66,14.66,14.67,14.69,14.73,14.79,14.84,14.89,14.92,14.92,14.89,14.85,14.81,14.77,14.74,14.72,14.69,14.66,14.62,14.58,14.54,14.52,14.52,14.55,14.58,14.62,14.64,14.65,14.65,14.63,14.62,14.61,14.62,14.63,14.65
-4,14.21,14.23,14.24,14.26,14.28,14.31,14.33,14.36,14.38,14.39,14.4,14.39,14.37,14.34,14.32,14.29,14.26,14.24,14.21,14.19,14.16,14.14,14.13,14.13,14.14,14.16,14.17,14.19,14.19,14.19,14.19,14.18,14.18,14.18,14.19,14.2
-2,14.33,14.34,14.35,14.36,14.37,14.38,14.39,14.4,14.4,14.41,14.41,14.4,14.4,14.39,14.38,14.37,14.36,14.34,14.33,14.32,14.31,14.3,14.3,14.29,14.29,14.29,14.29,14.29,14.29,14.3,14.3,14.3,14.3,14.31,14.31,14.32
0,14.47,14.47,14.47,14.47,14.47,14.47,14.47,14.47,14.47,14.47,14.47,14.47,14.47,14.47,14.47,14.47,14.47,14.47,14.47,14.47,14.47,14.47,14.47,14.47,14.47,14.47,14.47,14.47,14.47,14.47,14.47,14.47,14.47,14.47,14.47,14.47
2,14.33,14.32,14.31,14.3,14.3,14.29,14.29,14.29,14.29,14.29,14.29,14.3,14.3,14.3,14.3,14.31,14.31,14.32,14.33,14.34,14.35,14.36,14.37,14.38,14.39,14.4,14.4,14.41,14.41,14.4,14.4,14.39,14.38,14.37,14.36,14.34
4,14.21,14.19,14.16,14.14,14.13,14.13,14.14,14.16,14.17,14.19,14.19,14.19,14.19,14.18,14.18,14.18,14.19,14.2,14.21,14.23,14.24,14.26,14.28,14.31,14.33,14.36,14.38,14.39,14.4,14.39,14.37,14.34,14.32,14.29,14.26,14.24
6,14.66,14.62,14.58,14.54,14.52,14.52,14.55,14.58,14.62,14.64,14.65,14.65,14.63,14.62,14.61,14.62,14.63,14.65,14.65,14.66,14.66,14.67,14.69,14.73,14.79,14.84,14.89,14.92,14.92,14.89,14.85,14.81,14.77,14.74,14.72,14.69
8,15.59,15.54,15.48,15.43,15.4,15.39,15.41,15.45,15.49,15.52,15.52,15.5,15.48,15.48,15.5,15.54,15.56,15.57,15.55,15.53,15.51,15.51,15.53,15.59,15.67,15.76,15.83,15.86,15.85,15.79,15.72,15.66,15.64,15.64,15.64,15.63
10,16.34,16.29,16.23,16.18,16.13,16.11,16.11,16.13,16.15,16.17,16.17,16.15,16.13,16.15,16.21,16.28,16.32,16.29,16.24,16.19,16.17,16.18,16.22,16.29,16.38,16.49,16.57,16.6,16.55,16.46,16.36,16.31,16.32,16.36,16.39,16.38
12,16.4,16.38,16.36,16.31,16.25,16.2,16.18,16.16,16.15,16.16,16.18,16.18,16.15,16.17,16.27,16.38,16.41,16.34,16.23,16.18,16.2,16.24,16.31,16.39,16.51,16.61,16.67,16.66,16.6,16.49,16.38,16.33,16.37,16.45,16.48,16.45
14,15.55,15.61,15.67,15.64,15.53,15.45,15.4,15.34,15.26,15.26,15.34,15.4,15.35,15.33,15.47,15.64,15.66,15.5,15.34,15.31,15.4,15.51,15.6,15.71,15.84,15.92,15.91,15.85,15.79,15.72,15.62,15.56,15.62,15.71,15.7,15.6
16,13.66,13.89,14.11,14.07,13.85,13.7,13.66,13.56,13.37,13.31,13.53,13.72,13.62,13.49,13.67,13.96,13.97,13.7,13.48,13.54,13.76,13.91,13.99,14.11,14.3,14.34,14.18,14.01,14.02,14.09,14.03,13.92,13.96,14.05,13.96,13.72
18,10.64,11.15,11.67,11.56,11.03,10.75,10.82,10.74,10.29,10.08,10.57,11.06,10.84,10.43,10.68,11.24,11.26,10.8,10.57,10.86,11.27,11.41,11.34,11.47,11.81,11.84,11.39,11.01,11.22,11.61,11.57,11.29,11.28,11.44,11.26,10.77
20,6.37,7.23,8.29,8.02,6.8,6.23,6.71,6.78,5.8,5.22,6.2,7.3,6.84,5.78,6.2,7.35,7.38,6.57,6.39,7.16,7.94,7.94,7.47,7.54,8.27,8.39,7.5,6.84,7.38,8.26,8.16,7.45,7.35,7.83,7.69,6.81
22,1.49,1.85,3.94,3.52,1.19,0.12,1.32,1.74,0.07,0.06,0.78,2.48,1.69,0.05,0.41,2.25,2.31,0.83,0.7,2.16,3.7,3.45,2.38,2.21,3.59,4.1,2.92,2.7,3.1,4.15,3.74,2.35,1.99,3.19,3.54,2.5
24,0.24,-3.09,-1.1,-1.12,-1.62,-1.96,-3.73,-3.84,-3.15,0.72,-1.59,-2.49,-2.66,-0.55,-1.49,-3.13,-2.92,-3.09,-1.94,-3.19,-1.17,-1.48,-0.78,-1.29,-1.67,-0.51,-0.44,1.68,0.42,-0.1,-0.75,-0.54,-1.74,-2.21,-0.79,-0.42
26,2.15,-1.82,-5.16,-4.1,0.05,0.16,-6.52,-9.91,-2.38,2.52,-0.86,-5.59,-4.04,1.33,0.38,-6.93,-6.57,-2.17,1.29,-2.67,-4.82,-4.73,0.4,0.05,-5.51,-4.51,-1.61,2.29,-0.17,-3.17,-2.89,0.88,-0.19,-7.17,-5.42,-1.52
28,3.25,-0.6,-6.3,-6.07,0.88,0.88,-11.6,-17.4,-2.01,3.01,-1.18,-6.85,-5.54,1.65,1.21,-11.49,-10.04,-2.67,3.17,-1.06,-5.47,-6.74,1.01,0.68,-9.14,-7.88,-2.51,2.64,-0.64,-4.53,-4.07,1.38,0.88,-11.92,-10.75,-2.43
30,3.11,-1.71,-3.94,-7.24,0.38,0.27,-26.32,-8.26,-2.43,2.77,-2.86,-5.45,-6.78,0.79,0.94,-27.44,-7.07,-5.71,3.39,-1.85,-3.18,-7.76,0.1,-0.37,-15.43,-7.66,-3.91,2.73,-1.87,-3.36,-5.14,0.19,0.45,-26.27,-8.7,-4.04
32,2.02,-5.36,-0.47,-5.17,-1.19,-1.27,-8.56,-3,-3.33,2.28,-5.6,-2.21,-4.81,-0.67,-0.35,-14.37,-2.48,-8.11,2.47,-5.51,-0.05,-5.1,-1.96,-2.57,-9.05,-3.54,-5.54,2.49,-4.21,-0.53,-4.13,-2.02,-1.02,-13.3,-3.55,-5.97
34,0.46,-12.09,1.68,-2.73,-3.56,-3.22,-4.01,-0.4,-4.5,1.59,-9.34,0.28,-2.78,-2.34,-2.82,-7.87,-0.2,-5.92,0.99,-14.39,1.81,-2.77,-4.31,-4.38,-4.48,-0.68,-6.75,1.63,-7.96,1.46,-2.96,-3.82,-2.76,-6.81,-0.65,-6.64
36,-1.16,-17.6,2.18,-1.65,-5.87,-4.04,-2.24,0.66,-5.47,0.52,-13.84,1.48,-2.37,-4.16,-4.96,-4.65,0.57,-4.76,-0.43,-22.54,2.08,-2.14,-6,-4.06,-2.9,0.5,-7,-0.01,-12.65,2.03,-3.25,-4.34,-3.37,-4.17,0.51,-5.88
38,-2.92,-16.84,1.23,-1.63,-6.74,-2.88,-1.94,0.66,-5.49,-1.13,-15.99,1.46,-3.45,-6.1,-2.93,-3.05,0.53,-5.61,-1.71,-14.68,1.14,-2.61,-7.15,-2.72,-3.04,0.38,-6.65,-2.31,-14.88,1.37,-4.47,-4.64,-2.31,-3.37,0.31,-4.99
40,-5.21,-15.29,-0.56,-2.14,-6.2,-1.37,-2.56,-0.07,-4.52,-3.36,-15,0.41,-5.3,-7.58,-0.14,-2.67,0.04,-6.97,-3.24,-15.96,-0.16,-3.3,-8.14,-1.58,-4.06,-0.56,-6.2,-4.54,-14.38,0.07,-5.32,-5.34,-0.94,-3.64,-0.85,-4.26
42,-7.71,-12.21,-2.14,-3.25,-5.08,-0.5,-3.58,-1.1,-3.27,-5.73,-15.12,-1.35,-7.02,-7.65,1.26,-3.11,-0.65,-5.94,-5.12,-23.17,-1.06,-4.27,-7.81,-0.84,-5.05,-1.63,-5.68,-5.51,-14.17,-1.25,-6.21,-5.81,-0.16,-4.34,-2.38,-3.6
44,-8.89,-11.25,-3.36,-5.77,-3.74,-0.31,-4.39,-1.8,-2.26,-7.3,-17.43,-3.42,-9.04,-6.66,1.34,-3.78,-1.21,-3.49,-6.92,-35.82,-2.09,-6.6,-5.82,-0.51,-5.13,-1.98,-4.99,-5.54,-14.87,-2.84,-9,-5.38,-0.08,-4.9,-3.23,-3.13
46,-8.73,-13.6,-5.47,-11.19,-2.62,-0.57,-4.4,-1.59,-1.75,-7.83,-22.25,-5.74,-13.55,-5.53,0.39,-3.84,-1.25,-1.71,-8.21,-28.43,-4.31,-12.06,-3.97,-0.65,-4.21,-1.26,-4.23,-5.92,-16.9,-5.83,-16.61,-4.59,-0.53,-4.87,-2.61,-2.94
48,-8.95,-21.9,-9.77,-18.65,-2.26,-1.08,-3.45,-0.55,-1.87,-8.36,-26.53,-8.97,-29.56,-4.64,-1.15,-2.75,-0.64,-0.96,-9.46,-27.46,-8.76,-21.62,-3.16,-1.3,-2.94,0.04,-3.64,-7.36,-20.51,-12.27,-20.69,-4.22,-1.27,-3.99,-0.91,-3.04
50,-10.49,-21.49,-19.02,-12.9,-2.94,-1.92,-2.17,0.71,-2.71,-9.75,-25.59,-14.18,-16.18,-4.16,-2.7,-1.16,0.48,-1.21,-11.63,-20.1,-18.39,-13.13,-3.55,-2.52,-1.96,1.2,-3.46,-10.28,-23.84,-30.75,-12.53,-4.55,-2.39,-2.67,0.79,-3.43
52,-14.17,-14.97,-26.24,-10.54,-4.59,-3.45,-1.41,1.62,-4.19,-12.5,-26.78,-19.58,-11.44,-4.46,-4.35,-0.16,1.58,-2.39,-15.99,-15.86,-23.46,-10,-5.11,-4.47,-1.64,1.79,-3.87,-15.41,-24.11,-14.29,-10.38,-5.67,-4.25,-1.6,1.82,-4.14
54,-23.85,-13.32,-17.85,-10.74,-6.7,-6.17,-1.68,1.88,-5.86,-17.11,-32.17,-16.96,-10.43,-6.08,-7.15,-0.29,2.07,-4.36,-26.84,-14.1,-15.9,-9.81,-7.75,-7.56,-2.2,1.67,-4.97,-23.2,-25.32,-11.68,-10.32,-7.77,-7.27,-1.26,1.89,-5.38
56,-22.11,-13.77,-17.09,-12.09,-8.53,-11.06,-3.29,1.29,-6.71,-20.67,-40.97,-15.94,-11.33,-9.93,-13.17,-1.75,1.64,-6.75,-21.87,-13.79,-15.76,-11.23,-10.67,-12.63,-3.83,0.8,-6.63,-20.21,-31.27,-12.46,-10.98,-10.96,-11.79,-1.91,0.99,-7.33
58,-14.03,-15.49,-18.52,-13.36,-9.84,-23.17,-6.47,-0.21,-6.39,-17.01,-40.91,-18.35,-13.03,-17.58,-31.42,-4.71,0.3,-8.6,-15.57,-14.33,-19.48,-13.09,-11.64,-19.37,-6.61,-0.75,-8.02,-16.27,-41.16,-15.31,-11.23,-13.24,-16.6,-3.67,-0.74,-9.52
60,-11.1,-18.2,-18.17,-13.71,-10.21,-17.1,-9.68,-2.58,-5.86,-14.05,-34.93,-21.72,-13.7,-14.98,-13.55,-8.75,-1.76,-9.03,-13.11,-15.39,-21.2,-14.03,-10.63,-15.95,-8.95,-2.65,-8.19,-14.64,-28.57,-18.48,-10.9,-11.25,-14.89,-6.02,-2.77,-10.38
62,-10.32,-21.3,-15.16,-13.7,-9.33,-10.85,-7.62,-5.08,-5.94,-12.78,-27.97,-16.77,-13.1,-10.41,-9.38,-8.76,-3.92,-8.6,-12.25,-17.08,-15.66,-14.24,-9.7,-12.31,-7.45,-4.2,-7.87,-14.36,-26.39,-17.69,-10.78,-9.12,-11.36,-6.44,-4.06,-9.83
64,-11.02,-22.83,-12.76,-14.25,-8.5,-8.79,-4.64,-5.98,-6.98,-12.74,-24.12,-12.5,-13.14,-9.14,-7.97,-5.53,-5,-8.39,-12.39,-20.24,-12.3,-14.82,-9.53,-10.64,-4.98,-4.86,-8.26,-15.1,-27.09,-15.14,-11.52,-8.76,-9.65,-4.68,-4.27,-9.5
66,-13.03,-22.14,-11.48,-15.5,-8.68,-8.72,-3.21,-5.41,-9.33,-13.67,-22.04,-10.07,-14.93,-9.89,-8.01,-3.64,-4.82,-9.06,-13.42,-28.61,-10.68,-16.09,-10.27,-10,-3.62,-5.11,-9.88,-16.78,-26.74,-13.43,-13.52,-10.4,-9.41,-3.32,-4.36,-10.11
68,-16.61,-20.88,-10.98,-17.02,-10.09,-9.64,-3.17,-5.14,-13.74,-15.5,-20.88,-8.7,-19.4,-12.4,-8.92,-3.17,-4.69,-11.13,-15.56,-26.97,-10.17,-17.07,-12.05,-9.69,-3.43,-5.72,-13.12,-19.48,-23.75,-12.63,-17.65,-14.68,-9.36,-3.03,-5.19,-12.03
70,-22.82,-19.52,-10.98,-18.08,-12.87,-10.08,-4.37,-5.94,-23.76,-18.3,-20.3,-8,-23.14,-17.34,-9.72,-3.84,-5.41,-15.47,-19.35,-18.21,-10.49,-15.86,-15.11,-9.07,-4.28,-7.18,-18.8,-23.64,-20.62,-12.44,-27.55,-25.17,-8.44,-3.9,-7.11,-16.18
72,-27.81,-17.8,-11.35,-17.38,-17.79,-9.2,-6.87,-8.05,-22.86,-22.17,-20.03,-7.86,-17.83,-26.91,-9.38,-5.69,-7.03,-26.05,-23.68,-14.53,-11.44,-13.77,-20.06,-8.14,-6.14,-9.81,-21.16,-30.85,-18.31,-12.53,-24.04,-25.07,-7.5,-6.13,-10.2,-24.74
74,-21.21,-16.01,-12.1,-15.42,-27.06,-7.97,-11.18,-11.8,-15.45,-24.62,-19.4,-8.34,-14.57,-20.32,-8.29,-9.31,-9.18,-23.09,-21.22,-12.85,-12.76,-12.62,-27.12,-7.47,-9.2,-14.06,-15.47,-40.21,-17.11,-12.69,-17.67,-18.23,-7.28,-10.26,-14.26,-20.06
76,-17.79,-14.88,-13.23,-14.18,-21.66,-7.25,-19.6,-17.65,-12.76,-21.89,-18.02,-9.53,-13.32,-15.49,-7.3,-17.48,-11.5,-16.17,-17.8,-12.38,-14.22,-12.74,-23.97,-7.43,-14.33,-20.43,-12.29,-31.11,-16.94,-13.02,-15.24,-16.35,-7.69,-18.06,-18.13,-14.98
78,-16.33,-14.77,-14.63,-14.24,-16.84,-7.36,-23.13,-19.94,-11.96,-19.03,-16.54,-11.55,-13.32,-13.69,-6.8,-22.76,-13.9,-13.72,-16.04,-12.9,-15.69,-13.97,-19.63,-8.01,-25.4,-22.56,-10.93,-28.02,-17.37,-13.82,-14.42,-16.28,-8.62,-25.97,-18.37,-13.06
80,-16,-15.69,-16.18,-15.3,-14.95,-8.48,-15.08,-15.87,-12.46,-17.45,-15.67,-14.45,-14.17,-13.39,-7.07,-12.53,-15.85,-13.37,-15.57,-14.49,-16.84,-16.14,-17.84,-9.13,-20.73,-18.99,-10.7,-27,-18.1,-15.3,-14.45,-17.17,-10.36,-17.09,-16.02,-12.79
82,-16.35,-17.55,-17.9,-16.65,-14.38,-10.69,-12.29,-13.59,-14.18,-16.89,-15.72,-17.77,-15.71,-13.84,-8.32,-9.32,-16.54,-14.54,-16.19,-17.46,-17.11,-19.04,-17.77,-10.72,-14.93,-17.35,-11.3,-26.59,-19.59,-17.15,-14.99,-18.54,-13.25,-13.93,-14.45,-13.7
84,-17.11,-20.43,-19.32,-17.54,-14.7,-13.89,-11.52,-12.92,-17.39,-17.13,-16.79,-18.93,-17.79,-14.79,-10.66,-8.15,-17.09,-16.93,-17.8,-22.5,-16.79,-21.68,-18.81,-12.64,-12.73,-17.27,-12.73,-25.96,-22.86,-18.22,-16.02,-20.34,-17.34,-12.9,-14.37,-15.77
86,-18.12,-24.5,-18.95,-17.77,-16.1,-17.51,-11.88,-13.46,-23.12,-18.15,-19.01,-17.21,-19.57,-16.6,-14.14,-8.22,-18.77,-19.99,-20.17,-28.73,-16.68,-21.89,-20.36,-14.28,-12.03,-18.3,-15.37,-25.1,-29.24,-18.37,-17.85,-23.08,-22.48,-13.28,-15.68,-19.42
88,-19.35,-29.11,-17.22,-17.97,-19.03,-19.53,-12.99,-15.07,-30.51,-20.04,-22.83,-15.46,-19.56,-19.91,-18.87,-9.54,-21.6,-22.44,-22.57,-24.78,-16.72,-20.71,-22.61,-15.05,-12.17,-20.13,-20.09,-24.65,-32.87,-18.33,-20.7,-28.02,-28.61,-14.66,-17.98,-26.16
90,-20.94,-31.48,-15.65,-18.73,-24.06,-18.28,-14.77,-17.69,-23.19,-22.78,-29.99,-14.43,-18.44,-25.06,-21.95,-12.34,-25.21,-22.31,-23.54,-20.85,-16.38,-20.08,-26,-15.34,-12.9,-22.26,-30.5,-25.13,-26.81,-17.6,-23.77,-32.87,-24.73,-16.52,-21.03,-29.83
