 0.1738000000000000E+04, 0.4902800305555400E+04, 0.1096570000000000E-04,  660,  660,    1, 0.0000000000000000E+00, 0.0000000000000000E+00                                                                                                         
    1,    0, 0.0000000000000000E+00, 0.0000000000000000E+00, 0.0000000000000000E+00, 0.0000000000000000E+00             
    1,    1, 0.0000000000000000E+00, 0.0000000000000000E+00, 0.0000000000000000E+00, 0.0000000000000000E+00             
    2,    0,-0.9088083466222001E-04, 0.0000000000000000E+00, 0.3538918298552000E-10, 0.0000000000000000E+00             
    2,    1, 0.1232336842695000E-09, 0.1013126827836000E-08, 0.3208636593847000E-11, 0.4008949483769000E-11             
    2,    2, 0.3467379822995000E-04,-0.2489004351630000E-09, 0.4299793651798000E-10, 0.6876254553841000E-11             
    3,    0,-0.3197467349260000E-05, 0.0000000000000000E+00, 0.3479827796607000E-12, 0.0000000000000000E+00             
    3,    1, 0.2636804553722000E-04, 0.5454519551956000E-05, 0.3902375339106000E-12, 0.3572643115112000E-12             
    3,    2, 0.1417152872119000E-04, 0.4877963012362000E-05, 0.5975104804907000E-12, 0.6876792456469000E-12             
    3,    3, 0.1227495055506000E-04,-0.1774395591200000E-05, 0.1796981587401000E-11, 0.1586115327630000E-11             
    4,    0, 0.3234804745143000E-05, 0.0000000000000000E+00, 0.1681805077820000E-12, 0.0000000000000000E+00             
    4,    1,-0.6013460959908000E-05, 0.1664328226344000E-05, 0.2121940223840000E-12, 0.1555841484026000E-12             
    4,    2,-0.7116184704690000E-05,-0.6777036889078000E-05, 0.2802037435408000E-12, 0.2649292549700000E-12             
    4,    3,-0.1350015995988000E-05,-0.1344500352828000E-04, 0.7432913518484000E-12, 0.7428184499762000E-12             
    4,    4,-0.6007020007582000E-05, 0.3926592752369000E-05, 0.1272808335154000E-10, 0.1185629388283000E-10             
    5,    0,-0.2237867439310000E-06, 0.0000000000000000E+00, 0.1518369953571000E-12, 0.0000000000000000E+00             
    5,    1,-0.1011617732627000E-05,-0.4118916184677000E-05, 0.1099681831067000E-12, 0.1303008076538000E-12             
    5,    2, 0.4399521995333000E-05, 0.1057121006646000E-05, 0.1748311629562000E-12, 0.1510476184673000E-12             
    5,    3, 0.4661734291970000E-06, 0.8698894448864999E-05, 0.6588596486838000E-12, 0.5793085655539000E-12             
    5,    4, 0.2754166899617000E-05, 0.6762229137062000E-07, 0.7182795784369000E-12, 0.7306812907516000E-12             
    5,    5, 0.3110836796160000E-05,-0.2754569117116000E-05, 0.1793850483142000E-11, 0.1751964522035000E-11             
    6,    0, 0.3818426131556000E-05, 0.0000000000000000E+00, 0.1223546553181000E-12, 0.0000000000000000E+00             
    6,    1, 0.1528270038727000E-05,-0.2599595445933000E-05, 0.1431503600672000E-12, 0.1009973553875000E-12             
    6,    2,-0.4397301727328000E-05,-0.2167693729369000E-05, 0.1599243283670000E-12, 0.1175004674031000E-12             
    6,    3,-0.3317545065545000E-05,-0.3427419447531000E-05, 0.3682206605699000E-12, 0.3586831710205000E-12             
    6,    4, 0.3411888665301000E-06,-0.4058042622102000E-05, 0.2793416847341000E-11, 0.2609503187462000E-11             
    6,    5, 0.1454367282585000E-05,-0.1034179615483000E-04, 0.4716858916543000E-12, 0.4739051717951000E-12             
    6,    6,-0.4684264281390000E-05, 0.7229905076864000E-05, 0.6799160869772000E-11, 0.6705348375631000E-11             
    7,    0, 0.5593398283628000E-05, 0.0000000000000000E+00, 0.1293677924115000E-12, 0.0000000000000000E+00             
    7,    1, 0.7471681284183000E-05,-0.1197444305833000E-06, 0.1585365383463000E-12, 0.1994713770024000E-12             
    7,    2,-0.6501389447643000E-06, 0.2411110907358000E-05, 0.1759578572270000E-12, 0.2309340225618000E-12             
    7,    3, 0.5994213884643000E-06, 0.2357326141862000E-05, 0.3692838626971000E-12, 0.3123809813748000E-12             
    7,    4,-0.8436988167706000E-06, 0.7565123460268000E-06, 0.2745131581157000E-12, 0.2767351957045000E-12             
    7,    5,-0.2068082769477000E-06, 0.1069306475305000E-05, 0.3808755967444000E-12, 0.3550187258333000E-12             
    7,    6,-0.1065337982615000E-05, 0.1100466892708000E-05, 0.1011933935078000E-11, 0.1036891908944000E-11             
    7,    7,-0.1820296126625000E-05,-0.1600026884716000E-05, 0.2431712396845000E-11, 0.2416980564284000E-11             
    8,    0, 0.2346827951858000E-05, 0.0000000000000000E+00, 0.9103516220920000E-13, 0.0000000000000000E+00             
    8,    1, 0.4171040133017000E-08, 0.1098033796867000E-05, 0.9566702004181999E-13, 0.1866222895173000E-12             
    8,    2, 0.3009320512389000E-05, 0.1930560497000000E-05, 0.1184778788939000E-12, 0.9874376960328000E-13             
    8,    3,-0.1889050991404000E-05, 0.9544792414883000E-06, 0.2107752273491000E-12, 0.2716587109246000E-12             
    8,    4, 0.3408684239124000E-05,-0.5282613650243000E-06, 0.1084559058128000E-11, 0.1020698711379000E-11             
    8,    5,-0.1248047214857000E-05, 0.2918563471496000E-05, 0.2543482388883000E-12, 0.2575430706367000E-12             
    8,    6,-0.1660465252247000E-05,-0.2114676217578000E-05, 0.2441926949399000E-11, 0.2413970205360000E-11             
    8,    7,-0.1509648757662000E-05, 0.3268883547824000E-05, 0.5031411864203000E-12, 0.5149245645663000E-12             
    8,    8,-0.2485647209643000E-05, 0.2116411502038000E-05, 0.3389784098373000E-11, 0.3430895993333000E-11             
    9,    0,-0.3530913453161000E-05, 0.0000000000000000E+00, 0.8885830353381000E-13, 0.0000000000000000E+00             
    9,    1, 0.1866966884224000E-05, 0.8103911757162000E-07, 0.1392638421179000E-12, 0.1138853880834000E-12             
    9,    2, 0.1927810191724000E-05,-0.1387565049838000E-05, 0.1368061906969000E-12, 0.8688742357761000E-13             
    9,    3,-0.1992413719017000E-05, 0.2201757998211000E-05, 0.2835062088896000E-12, 0.2311762498094000E-12             
    9,    4,-0.1884442613505000E-05,-0.1425787786993000E-05, 0.1608133507724000E-12, 0.1979283185994000E-12             
    9,    5,-0.1562515792728000E-05,-0.3524677279308000E-05, 0.2730687322538000E-12, 0.2547004380151000E-12             
    9,    6,-0.2127261959903000E-05,-0.3002638069072000E-05, 0.5614286825862000E-12, 0.5645167210872000E-12             
    9,    7,-0.3914788309753000E-05,-0.1068081802298000E-06, 0.6689055489551000E-12, 0.6555508944445000E-12             
    9,    8,-0.1311998397302000E-05,-0.2203387436136000E-05, 0.1167010969929000E-11, 0.1160419580180000E-11             
    9,    9,-0.9383977333013000E-06, 0.2488201339170000E-05, 0.3295476775061000E-11, 0.3162183254547000E-11             
   10,    0,-0.1069298701374000E-05, 0.0000000000000000E+00, 0.7963560713885000E-13, 0.0000000000000000E+00             
   10,    1, 0.8415983678243000E-06,-0.9540724870378001E-06, 0.8174392699849000E-13, 0.6930491283677000E-13             
   10,    2, 0.3572467412171000E-06,-0.2651198415524000E-06, 0.7831956948872000E-13, 0.8273579612273000E-13             
   10,    3, 0.4841961849559000E-06, 0.6688233276598000E-06, 0.1627462502466000E-12, 0.1785371566293000E-12             
   10,    4,-0.3572968860377000E-05, 0.1578932731334000E-05, 0.5493494909196000E-12, 0.5150995401139000E-12             
   10,    5, 0.6996868935171000E-06,-0.3145803413615000E-06, 0.1937502287893000E-12, 0.2183992584128000E-12             
   10,    6,-0.1273062149664000E-06,-0.2095301577806000E-05, 0.1252346669173000E-11, 0.1245770570021000E-11             
   10,    7,-0.3998648544150000E-05,-0.9107299336838000E-06, 0.2792659534135000E-12, 0.2751093752772000E-12             
   10,    8,-0.3559427173853000E-05, 0.2848870614121000E-05, 0.1569534298522000E-11, 0.1599472120858000E-11             
   10,    9,-0.4753141593693000E-05,-0.5152643533541000E-07, 0.5484895187170000E-12, 0.5508670120301000E-12             
   10,   10, 0.9478911746986000E-06,-0.1719372692762000E-05, 0.1980897639716000E-11, 0.1984947019513000E-11             
   11,    0,-0.8852080969025000E-06, 0.0000000000000000E+00, 0.6561228384463999E-13, 0.0000000000000000E+00             
   11,    1,-0.1946386327479000E-07, 0.6142508195574000E-06, 0.1191360828957000E-12, 0.6401771910728000E-13             
   11,    2, 0.6995148632823000E-06,-0.1968041942048000E-05, 0.8784741478228999E-13, 0.6411982723593000E-13             
   11,    3, 0.4084183451125000E-06, 0.7362544520473000E-06, 0.1752324496583000E-12, 0.1832971696401000E-12             
   11,    4,-0.1086770483885000E-05, 0.2190866140691000E-05, 0.1618685326967000E-12, 0.1144919939055000E-12             
   11,    5, 0.5034493863822000E-07, 0.2588029985297000E-05, 0.2100209455983000E-12, 0.1962969375900000E-12             
   11,    6, 0.5243052026502000E-06,-0.1367011965577000E-05, 0.3242396338289000E-12, 0.3412949746394000E-12             
   11,    7,-0.8452341685932000E-07,-0.2841084165925000E-05, 0.2986406432537000E-12, 0.2932876529337000E-12             
   11,    8,-0.2095265554108000E-05,-0.3829099270124000E-06, 0.7858203007594000E-12, 0.7712036543404000E-12             
   11,    9,-0.2334955708842000E-05, 0.2526624208910000E-06, 0.1111841607724000E-11, 0.1077983946854000E-11             
   11,   10,-0.4680552476114000E-05,-0.1735271397200000E-06, 0.8339292976342000E-12, 0.8424110021583000E-12             
   11,   11,-0.2888846770194000E-05,-0.1746321905110000E-05, 0.4403723559795000E-11, 0.4277373744645000E-11             
   12,    0,-0.2012260713614000E-05, 0.0000000000000000E+00, 0.1232221195707000E-12, 0.0000000000000000E+00             
   12,    1,-0.7068804096609000E-06, 0.1647785241507000E-05, 0.9403906474529000E-13, 0.1372149898097000E-12             
   12,    2,-0.1052078677035000E-06, 0.1507830879563000E-05, 0.1334134633049000E-12, 0.1142791289851000E-12             
   12,    3, 0.8556891632968000E-06,-0.4058955023963000E-05, 0.1203054259585000E-12, 0.1172995697854000E-12             
   12,    4, 0.8130133950743000E-06,-0.3446224822062000E-06, 0.3440319425406000E-12, 0.3190968008391000E-12             
   12,    5, 0.2084340482887000E-09, 0.8936208713457000E-06, 0.1369001909664000E-12, 0.1524041688177000E-12             
   12,    6, 0.1089065313515000E-05, 0.5452446957395000E-06, 0.7473264933196000E-12, 0.7368339476747000E-12             
   12,    7, 0.2139995093842000E-05,-0.9675605567815000E-06, 0.1873263852741000E-12, 0.1826569031873000E-12             
   12,    8, 0.3985505355214000E-06,-0.2206557590057000E-05, 0.9612780462879999E-12, 0.9741012132696000E-12             
   12,    9,-0.1345174721407000E-05, 0.1095006262044000E-05, 0.3335806443626000E-12, 0.3347345331913000E-12             
   12,   10,-0.3075494554477000E-05,-0.1273912491919000E-05, 0.9950627254874000E-12, 0.1018842562825000E-11             
   12,   11,-0.9818290552251000E-06,-0.3284485994417000E-06, 0.5801825297719000E-12, 0.5887203429574000E-12             
   12,   12, 0.3027759481319000E-06, 0.1246938319555000E-05, 0.1535798852427000E-11, 0.1490370200557000E-11             
   13,    0, 0.2564826595135000E-06, 0.0000000000000000E+00, 0.6914986093710000E-13, 0.0000000000000000E+00             
   13,    1, 0.1354471734243000E-05,-0.7666681061350999E-07, 0.1156755234801000E-12, 0.1417582038613000E-12             
   13,    2,-0.3425234219606000E-05, 0.3839732313006000E-06, 0.1031813906919000E-12, 0.7801689467877000E-13             
   13,    3,-0.4333590658997000E-06,-0.1456309835936000E-05, 0.1423393361319000E-12, 0.1634212542172000E-12             
   13,    4, 0.7772614300955000E-06,-0.5819347201660000E-06, 0.8109329161452000E-13, 0.1176889445781000E-12             
   13,    5,-0.1186339861518000E-05, 0.1021335892021000E-05, 0.1856519853332000E-12, 0.1890916020700000E-12             
   13,    6,-0.2768862964051000E-07, 0.1384228083112000E-05, 0.2127033635628000E-12, 0.2294640507988000E-12             
   13,    7,-0.1621206444278000E-06,-0.6726547962422000E-06, 0.1659760803533000E-12, 0.1709562610544000E-12             
   13,    8,-0.2922776325023000E-06,-0.1210514271148000E-05, 0.5248197009324000E-12, 0.5200175332513000E-12             
   13,    9,-0.1699705071372000E-06, 0.5274947423052000E-06, 0.5369422486407000E-12, 0.5185066336156000E-12             
   13,   10,-0.6742717159595000E-06, 0.4529009714361000E-06, 0.6242731648443000E-12, 0.6350377639667000E-12             
   13,   11,-0.1305695908748000E-05, 0.4390732865396000E-06, 0.1687343192464000E-11, 0.1637147034066000E-11             
   13,   12,-0.5743847490727000E-06,-0.1522325343063000E-05, 0.5818982929455000E-12, 0.5634507459602000E-12             
   13,   13, 0.2499334761591000E-05,-0.2668768558392000E-05, 0.5196179892330000E-11, 0.5213040318816000E-11             
   14,    0, 0.4922507447013000E-06, 0.0000000000000000E+00, 0.6841659849951000E-13, 0.0000000000000000E+00             
   14,    1, 0.5654276477338000E-06,-0.6821058741842000E-06, 0.6949834653942000E-13, 0.7380574096466000E-13             
   14,    2, 0.3644203475704000E-06, 0.3552073182253000E-06, 0.5958477624971000E-13, 0.7482307545811000E-13             
   14,    3, 0.5578943171645000E-06, 0.1680036128369000E-06, 0.1344882287280000E-12, 0.1058893829558000E-12             
   14,    4,-0.3905321896158000E-06,-0.2582059971374000E-05, 0.2105175864441000E-12, 0.1988283011061000E-12             
   14,    5,-0.7823967532633000E-06,-0.2160140139404000E-06, 0.1166682918763000E-12, 0.1390373473856000E-12             
   14,    6,-0.6096136837596000E-06, 0.1862282569529000E-05, 0.4886895630302000E-12, 0.4879662628251000E-12             
   14,    7,-0.5154260410017000E-06, 0.1161519497675000E-05, 0.1655042096903000E-12, 0.1324746320010000E-12             
   14,    8, 0.3061485724047000E-06, 0.4414623227254000E-06, 0.6445745951083000E-12, 0.6521413029776000E-12             
   14,    9, 0.8049178441108001E-07,-0.1638053532925000E-05, 0.2127318664032000E-12, 0.2046756201111000E-12             
   14,   10,-0.7782039831192001E-06, 0.5930135950126000E-06, 0.6763018770452000E-12, 0.6991897872385000E-12             
   14,   11,-0.1928489155244000E-05, 0.1937232469339000E-05, 0.3614108665269000E-12, 0.3717010467329000E-12             
   14,   12,-0.1448546410148000E-05,-0.5394606110015000E-06, 0.7323716086947000E-12, 0.7374412842621000E-12             
   14,   13,-0.3214188793269000E-06,-0.1017787398480000E-05, 0.5924500637806000E-12, 0.5980349513644000E-12             
   14,   14,-0.6134949813391000E-06, 0.1071098098570000E-05, 0.1371988232648000E-11, 0.1354111692694000E-11             
   15,    0,-0.2280875421928000E-06, 0.0000000000000000E+00, 0.5769307303854000E-13, 0.0000000000000000E+00             
   15,    1,-0.7975301567716000E-06, 0.3536160624619000E-06, 0.6597606502911000E-13, 0.5096221380659000E-13             
   15,    2,-0.5401455582471000E-07, 0.7446582523092000E-06, 0.4979388678363000E-13, 0.1230736324273000E-12             
   15,    3,-0.1378244351732000E-05,-0.6307006423486000E-06, 0.1055260399184000E-12, 0.1004072556288000E-12             
   15,    4,-0.9560620282484999E-06,-0.1323371014649000E-05, 0.1062091947056000E-12, 0.9631987455081000E-13             
   15,    5, 0.7735984641497000E-08,-0.8933961971465000E-06, 0.1506092149961000E-12, 0.1467658135834000E-12             
   15,    6,-0.6443709163927000E-07,-0.3306804514763000E-06, 0.1508512197696000E-12, 0.1765562470356000E-12             
   15,    7, 0.1125288160587000E-05, 0.1489405208011000E-05, 0.1516354272260000E-12, 0.1445089716248000E-12             
   15,    8, 0.1315109992655000E-05, 0.1886568987934000E-05, 0.3698235247999000E-12, 0.3736284533895000E-12             
   15,    9,-0.8522327747504000E-07,-0.1011630071409000E-05, 0.3113539914293000E-12, 0.2911138847435000E-12             
   15,   10,-0.6013031246148000E-07, 0.4227377118400000E-06, 0.4790362982901000E-12, 0.4813525196303000E-12             
   15,   11,-0.1426283814253000E-05,-0.1502428991989000E-05, 0.8869709182688000E-12, 0.8652297305425000E-12             
   15,   12,-0.1767205980985000E-05,-0.4717699722251000E-06, 0.4438108154879000E-12, 0.4432751016625000E-12             
   15,   13,-0.4049364814317000E-06, 0.3095256512751000E-06, 0.2202063235282000E-11, 0.2206906060565000E-11             
   15,   14, 0.8234568721755000E-06, 0.5614487655127001E-06, 0.4575151993788000E-12, 0.4605854927616000E-12             
   15,   15, 0.5483304468733000E-06, 0.7778673155474000E-06, 0.4935909595055000E-11, 0.4896772247622000E-11             
   16,    0, 0.5568496682749000E-06, 0.0000000000000000E+00, 0.7667584522434000E-13, 0.0000000000000000E+00             
   16,    1, 0.1155901467726000E-06, 0.8252532293036000E-06, 0.5152376804613000E-13, 0.1252707652391000E-12             
   16,    2, 0.1455233526248000E-05, 0.7653464291816001E-08, 0.9463924241500001E-13, 0.5131646453902000E-13             
   16,    3,-0.1942712501417000E-06, 0.5233331745396000E-06, 0.7492626712825000E-13, 0.1346124242625000E-12             
   16,    4, 0.6859498906657000E-06, 0.3124432656284000E-06, 0.1492172197405000E-12, 0.1444355565071000E-12             
   16,    5, 0.7634200767539000E-06,-0.6484855715988000E-06, 0.9941548475306000E-13, 0.1312687531943000E-12             
   16,    6, 0.7298069269138000E-06,-0.7280760020673000E-06, 0.3433894052911000E-12, 0.3373807288938000E-12             
   16,    7,-0.2807052156415000E-06,-0.5804014553943001E-06, 0.1109261591197000E-12, 0.1101302232739000E-12             
   16,    8, 0.2371636890632000E-07, 0.3200881111163000E-06, 0.4699826332104000E-12, 0.4694079628184000E-12             
   16,    9,-0.7806859642566000E-06,-0.8233685131835999E-06, 0.1536237477587000E-12, 0.1521541553179000E-12             
   16,   10, 0.2272118582825000E-06, 0.3354755988103000E-07, 0.4970647598349000E-12, 0.5106139286679000E-12             
   16,   11,-0.3314629402500000E-06, 0.7721822116754000E-06, 0.2438066596040000E-12, 0.2522736535058000E-12             
   16,   12,-0.1294173744396000E-05, 0.9158547353204000E-06, 0.5109204006959000E-12, 0.5109184910011000E-12             
   16,   13,-0.1798935762241000E-06,-0.1629924529334000E-06, 0.3918290600755000E-12, 0.3959889581399000E-12             
   16,   14,-0.6798751144344000E-06, 0.1776193874562000E-06, 0.6370856074011000E-12, 0.6308291796700000E-12             
   16,   15,-0.3647861392203000E-06,-0.1015794293481000E-05, 0.5771490843995000E-12, 0.5757998002386000E-12             
   16,   16,-0.9053762356832000E-06,-0.9187782532026000E-06, 0.1267200853361000E-11, 0.1265110425537000E-11             
   17,    0,-0.1033032514842000E-05, 0.0000000000000000E+00, 0.5270690571647000E-13, 0.0000000000000000E+00             
   17,    1, 0.5020166857917000E-06, 0.7626047445879000E-07, 0.8726754606528999E-13, 0.1167443965885000E-12             
   17,    2,-0.2907251922306000E-06,-0.8725803756235000E-06, 0.5984226759709000E-13, 0.5751163804788000E-13             
   17,    3,-0.2677834561341000E-07,-0.5022618084843000E-06, 0.1135934430933000E-12, 0.1328222516830000E-12             
   17,    4, 0.1285123718209000E-05, 0.2037544562525000E-05, 0.8917560821650999E-13, 0.6785598294251000E-13             
   17,    5, 0.1906685582493000E-06,-0.6042790200917999E-06, 0.1235264777470000E-12, 0.1578044439082000E-12             
   17,    6, 0.7212371221484000E-06,-0.1245862667939000E-05, 0.1657040187830000E-12, 0.1354551322101000E-12             
   17,    7,-0.1298782324031000E-05,-0.1556263745164000E-05, 0.1509008389997000E-12, 0.1204619865373000E-12             
   17,    8,-0.2114626769836000E-06,-0.4704505105576000E-06, 0.2767102109183000E-12, 0.2842625131685000E-12             
   17,    9, 0.3282118038886000E-06, 0.1371634454863000E-05, 0.1795556240792000E-12, 0.1771780007723000E-12             
   17,   10, 0.4162945710303000E-06, 0.6137185552572000E-06, 0.3668536937354000E-12, 0.3710649612232000E-12             
   17,   11, 0.1143964009696000E-05,-0.2020133811241000E-06, 0.5307316716147000E-12, 0.5155151539721000E-12             
   17,   12, 0.9594792535165000E-06, 0.1795524654927000E-06, 0.3605685980970000E-12, 0.3630125569874000E-12             
   17,   13,-0.3972031148110000E-07,-0.2222918632506000E-06, 0.1245867210770000E-11, 0.1249581039447000E-11             
   17,   14, 0.4031190311895000E-06, 0.3045621536064000E-06, 0.3365883240789000E-12, 0.3301784285184000E-12             
   17,   15,-0.6434740532040001E-07,-0.5045798193958000E-06, 0.2277864829948000E-11, 0.2255377283061000E-11             
   17,   16,-0.3169688927440000E-06,-0.2515404048780000E-06, 0.4042324311105000E-12, 0.4319701199752000E-12             
   17,   17,-0.3807313900867000E-06, 0.1504697116643000E-05, 0.4102940921606000E-11, 0.4051010514945000E-11             
   18,    0,-0.5203196765566000E-06, 0.0000000000000000E+00, 0.4570404669755000E-13, 0.0000000000000000E+00             
   18,    1, 0.3604159890288000E-06, 0.2684239038234000E-07, 0.6807523087072000E-13, 0.8092471442772000E-13             
   18,    2,-0.3166196880361000E-06,-0.7261185682733000E-06, 0.5133297746344000E-13, 0.9734415504678000E-13             
   18,    3, 0.9952267898644000E-06, 0.4326630792153000E-06, 0.6577305011319000E-13, 0.1020849545804000E-12             
   18,    4,-0.8030569438864000E-06, 0.1091318036474000E-05, 0.1203250176662000E-12, 0.1073353888040000E-12             
   18,    5,-0.5193027763644000E-06, 0.7318893526380000E-07, 0.1333817595213000E-12, 0.1712373861412000E-12             
   18,    6,-0.1701310002959000E-05, 0.7339112911078000E-06, 0.2600518091096000E-12, 0.2539056323546000E-12             
   18,    7,-0.2183169903187000E-06,-0.1133723091112000E-05, 0.1150498436381000E-12, 0.1128383470884000E-12             
   18,    8, 0.4445922386759000E-06, 0.2868006126152000E-06, 0.3607709929395000E-12, 0.3544509889215000E-12             
   18,    9, 0.5507232184620000E-06,-0.6374056927672000E-06, 0.1143274699412000E-12, 0.1245074126045000E-12             
   18,   10, 0.3581942153390000E-06,-0.5501079932435000E-06, 0.3965752293004000E-12, 0.3953081935322000E-12             
   18,   11, 0.4212839194741000E-06,-0.1297988386069000E-05, 0.1838814066406000E-12, 0.1883877405651000E-12             
   18,   12, 0.8308602174008000E-06, 0.2347525557966000E-06, 0.3993495449396000E-12, 0.3963562067036000E-12             
   18,   13,-0.1215834065777000E-05,-0.1001704016876000E-06, 0.2773861118447000E-12, 0.2717537161724000E-12             
   18,   14, 0.6110446943281000E-07,-0.1132048679969000E-05, 0.4398339881812000E-12, 0.4312398970818000E-12             
   18,   15, 0.2432037662330000E-06,-0.1084453632297000E-05, 0.3964889679593000E-12, 0.3929626841899000E-12             
   18,   16, 0.8988097845802000E-06,-0.2135918729006000E-06, 0.5959142585280000E-12, 0.5927329406147000E-12             
   18,   17, 0.1230012081244000E-05,-0.4712569305361000E-06, 0.5377916309880000E-12, 0.5441872016353000E-12             
   18,   18,-0.2096969847473000E-06,-0.2851261347418000E-06, 0.1170562798828000E-11, 0.1184426539205000E-11             
   19,    0, 0.2156546180624000E-06, 0.0000000000000000E+00, 0.4958630361237000E-13, 0.0000000000000000E+00             
   19,    1,-0.5912414881555000E-06, 0.1313172081193000E-06, 0.4936707921363000E-13, 0.5129061929734000E-13             
   19,    2, 0.1730025271032000E-06,-0.3717828670468000E-06, 0.7976946398063000E-13, 0.9196750679656000E-13             
   19,    3,-0.6319785748078000E-06, 0.9766100844641000E-06, 0.1124147867187000E-12, 0.7888762633535000E-13             
   19,    4,-0.9934931021729000E-06,-0.1053903386790000E-05, 0.1612875565436000E-12, 0.7081659569499000E-13             
   19,    5,-0.2584449068349000E-06, 0.1483259838941000E-05, 0.1177860295714000E-12, 0.1273453198875000E-12             
   19,    6, 0.1587047071937000E-06, 0.3800675842727000E-06, 0.1480183908686000E-12, 0.1133971103702000E-12             
   19,    7, 0.1223451317050000E-05, 0.4911490914111000E-06, 0.1267278622114000E-12, 0.1046252687381000E-12             
   19,    8, 0.6512047294451000E-06, 0.8666825251149000E-06, 0.2181643823380000E-12, 0.2226409477000000E-12             
   19,    9,-0.6538669327920001E-07,-0.4222201968301000E-06, 0.1314925843825000E-12, 0.1224683787600000E-12             
   19,   10,-0.7824272200172000E-06,-0.2259864618541000E-06, 0.2890276710407000E-12, 0.2934797702156000E-12             
   19,   11, 0.9196896405342000E-08,-0.1752686489612000E-06, 0.3408798479804000E-12, 0.3320059501598000E-12             
   19,   12,-0.1104468935937000E-06,-0.2871761758784000E-06, 0.3131936477433000E-12, 0.3000442106915000E-12             
   19,   13, 0.7450088642938000E-06, 0.2231834032223000E-05, 0.7878361645832000E-12, 0.7914627181764000E-12             
   19,   14,-0.1260516459824000E-06, 0.5399010683139000E-06, 0.3031147551338000E-12, 0.2838953520537000E-12             
   19,   15, 0.8388654691947000E-07, 0.8251442944584999E-07, 0.1378594178956000E-11, 0.1363296019872000E-11             
   19,   16,-0.5516572271707000E-07, 0.6894580142173000E-06, 0.2829168776317000E-12, 0.2883911318623000E-12             
   19,   17,-0.1069013125002000E-05,-0.1868678169698000E-05, 0.2022937155018000E-11, 0.1996672962589000E-11             
   19,   18, 0.1123827339304000E-05,-0.2168856553670000E-07, 0.4093434022287000E-12, 0.3982434368241000E-12             
   19,   19, 0.6020700249671000E-06, 0.3653187919962000E-06, 0.3287799864895000E-11, 0.3290055743676000E-11             
   20,    0, 0.3355620848112000E-06, 0.0000000000000000E+00, 0.5391797237656000E-13, 0.0000000000000000E+00             
   20,    1,-0.1970541795926000E-06,-0.3825713103132000E-06, 0.4065193883536000E-13, 0.9472091445891000E-13             
   20,    2, 0.8127963533278000E-06, 0.3411202984503000E-08, 0.6659731792354000E-13, 0.4957206169394000E-13             
   20,    3, 0.6352117312010000E-06,-0.2654910222246000E-06, 0.6312529084103000E-13, 0.9884091408696999E-13             
   20,    4, 0.4635543465557000E-06,-0.4888540360637000E-06, 0.9495785182030000E-13, 0.1004470768648000E-12             
   20,    5, 0.2189824350769000E-06,-0.3031485604439000E-06, 0.7130072016216000E-13, 0.7782823100987000E-13             
   20,    6,-0.1913149792035000E-06, 0.3299429524779000E-06, 0.2048773052020000E-12, 0.1919863983361000E-12             
   20,    7,-0.6759463470674001E-06,-0.7314871951467000E-06, 0.8334345971043000E-13, 0.8507142206454000E-13             
   20,    8, 0.2345672887284000E-06, 0.6927614368572000E-07, 0.2735014540930000E-12, 0.2805636664798000E-12             
   20,    9,-0.3846567848560000E-06, 0.1098739725996000E-06, 0.9973955855486000E-13, 0.1012603052886000E-12             
   20,   10, 0.3259842244380000E-06, 0.4889677049798000E-07, 0.3145052321567000E-12, 0.3160441969261000E-12             
   20,   11, 0.2453008242433000E-06, 0.1129430062239000E-05, 0.1451581608751000E-12, 0.1444227449201000E-12             
   20,   12, 0.1311273927634000E-06,-0.9832392548621000E-06, 0.3285915693775000E-12, 0.3220864817711000E-12             
   20,   13, 0.8304784889923000E-06, 0.6176543398202000E-06, 0.2082330842667000E-12, 0.2056349832736000E-12             
   20,   14,-0.1462290258066000E-06, 0.8283660690449000E-07, 0.3416145668097000E-12, 0.3320848754400000E-12             
   20,   15,-0.3247085795656000E-06, 0.9199427521166000E-07, 0.2828903412768000E-12, 0.2884125573272000E-12             
   20,   16, 0.9283441434813000E-06,-0.6115925582248000E-06, 0.4059383140029000E-12, 0.4027838214457000E-12             
   20,   17, 0.7932552002189999E-06,-0.1185048045401000E-05, 0.3722654347519000E-12, 0.3879922121123000E-12             
   20,   18, 0.8449746186011999E-06,-0.3419656787929000E-07, 0.5671642078240000E-12, 0.5733692329932000E-12             
   20,   19,-0.2172389259741000E-06, 0.3051632102130000E-06, 0.5061101146354000E-12, 0.5069516950055000E-12             
   20,   20,-0.1352389549266000E-06,-0.3587683104502000E-06, 0.1066784695813000E-11, 0.1099521857191000E-11             
